3.447645	3.99245948808
3.313082	4.20679244428
1.655625	2.85331399989
2.048960	2.51567914769
3.356164	4.29480427134
3.283454	4.18601917247
2.519886	3.07891429475
2.383322	5.12732384816
1.648910	5.2696430181
3.677417	3.87667164977
4.355804	3.68706957288
3.374314	2.71916786851
2.320270	2.61426468629
2.405727	2.6610309562
3.383668	3.79453349262
3.444271	4.48513799741
1.619336	4.30807468683
2.445738	2.61858600674
3.432842	3.73072984356
1.004026	2.50277632544
0.856395	2.15763212658
2.382843	4.45102913937
2.109837	3.9792231802
3.265405	2.2864997124
3.318390	2.57258353069
2.599147	2.93663501811
2.178802	3.31026773053
3.205348	3.40123967887
3.798702	4.54443637578
0.842677	1.39790919343
1.635295	3.3337914715
1.135785	3.70681180402
2.971531	3.7924100918
3.760538	5.2306667821
2.130105	3.57871466258
2.147545	2.53470896035
2.443117	5.47522430559
1.397661	2.76419008454
3.574158	5.64173799379
2.313596	4.54055263389
2.627628	3.23361192263
3.122645	5.86907084431
2.107975	2.13865934697
3.332970	6.1982130796
0.269303	1.9200621459
2.912883	4.03967381615
1.907638	1.26917750917
2.208320	3.03404857835
2.256116	4.11413384918
2.140150	4.65697889138
2.625127	3.36676462131
4.260965	4.16003981702
2.192761	2.48065472999
0.723765	1.8526603804
1.860240	4.29568234094
2.060629	4.50990821973
4.366396	2.66625344697
4.938247	5.12560122637
4.772248	4.71207305409
0.822053	3.79070573739
0.832815	1.44768297251
3.698851	7.07592096623
1.246380	4.12324374761
3.386386	1.69758361308
3.813818	1.92252707987
3.784081	3.29956198629
3.217855	4.33706544671
1.641290	3.68832861436
3.498015	2.91324487134
4.136379	3.23910665141
4.548513	6.84668685702
3.758051	7.39574992331
3.102185	3.85069062402
4.574156	4.01915772429
1.995498	4.27247040032
2.341490	4.19716666547
4.813866	3.83779334573
3.465793	4.99670842282
2.775877	4.45847565156
1.987724	3.31492243332
2.538333	6.07783762763
2.815861	2.70223760082
4.141789	6.61738132071
0.344107	2.65066140452
2.941041	6.11355497359
2.688248	3.02479409384
3.675359	2.07920333786
4.135212	2.73574236238
4.225594	2.77764725022
3.323639	1.97467084311
3.133475	3.0226749972
3.466815	4.04774183548
2.489806	3.84863814902
1.018370	1.18338853505
1.827905	2.58471696059
0.443798	3.46587660841
1.905329	3.01908502962
3.108856	2.10925887533
2.434669	3.36730410444
2.330458	3.87341314746
4.156476	4.74974594506
4.656694	5.15192702741
1.887762	1.96356738368
1.382810	2.52444710024
0.305137	2.50668876348
2.200238	3.22196453262
2.459950	3.834671339
2.349034	3.89543199856
2.528165	3.08811086857
3.084484	6.15087843255
1.715277	1.75487763436
3.426828	7.27446902633
0.418563	0.614787391779
3.605767	3.88230107117
0.450721	2.81534128467
0.876395	3.74208747742
2.574258	3.89394890706
3.857677	6.33559636624
2.818211	4.16957708722
3.213217	4.09327420273
2.979182	4.38367676801
2.179936	3.01291268719
2.507395	5.95901907242
2.318626	3.49081861384
4.323259	1.50839296301
4.317618	5.07657999669
4.000950	8.0747927309
1.699535	1.97975094369
4.322137	5.29692538746
1.091126	4.85392713703
2.733133	3.10046620281
4.487284	8.99894042094
1.679131	1.83473329129
4.767521	7.58989695631
0.772530	3.59875289226
3.461347	2.62070437837
3.376161	3.91975140617
4.186033	4.4191599231
1.543928	3.55352718987
2.464474	3.71772844157
3.920650	3.5272374942
2.824195	3.36725663645
3.438704	2.73436001228
2.347322	2.89726061872
2.429883	2.98442269678
3.725490	2.86147194047
3.790083	4.75570360618
4.781517	6.13782879387
3.036677	4.26420469956
2.348268	2.96511250196
2.742001	6.61778434317
1.827696	4.52021271921
4.564683	4.08672540603
4.345631	7.23565000606
2.422255	6.02476144755
3.447980	3.88682828929
4.368161	3.63058538125
3.690883	4.29966744103
2.448227	5.03014200677
1.020886	2.48702320733
2.497923	4.6782174845
2.504944	3.34360284366
2.996194	3.00113059601
2.495589	4.20678905336
0.885541	2.94391076188
1.842053	2.59862137428
2.814439	2.20383690773
1.901015	2.64399375946
2.035498	3.1202353834
3.173458	2.11865004795
2.742166	1.75587422327
2.294178	3.39228107646
2.134755	3.77969488255
2.250267	2.60937491104
2.523080	3.94337548258
1.702845	3.81332184377
3.033415	4.8143804589
3.127659	3.91787736558
3.902301	6.08319051469
2.529788	3.49710066405
2.790397	2.68601461512
2.333956	3.80135877277
0.200239	4.70879744474
2.859383	4.95736719056
4.744545	2.85439450485
3.917862	2.90811211996
3.764646	6.17877007338
2.771405	3.75583238555
3.409969	3.31245662031
2.917167	4.26250357274
0.602126	0.84024189392
3.034995	6.12319843753
0.557264	0.992260196937
2.886602	3.15631851339
0.833862	3.39862307416
1.614894	5.29584167632
3.385829	3.57338119206
4.396781	4.52955572648
1.244071	2.58228531571
1.966016	2.83699030428
2.818724	2.58028875946
3.413532	3.35468479254
3.663200	4.28001460408
2.334486	5.20569465641
1.070773	1.96239802362
2.836707	2.51210403355
1.615474	1.97139475541
1.341117	2.64398666086
2.135905	4.51658357722
2.126442	4.00146260881
2.689596	4.25546349819
3.496446	1.27398960697
3.324187	3.31136025672
3.333044	3.19961462044
4.521543	4.50892772093
0.749936	2.94825389471
0.422805	2.25334555668
2.613416	6.07971889108
2.220822	2.35833625037
3.804448	5.13211917831
0.711436	1.89553818549
1.965900	3.24459642966
1.950677	2.74908507613
3.543379	5.84679905686
2.026009	2.59608163096
3.023504	3.21803509766
2.852615	3.48117263644
3.978273	5.29519933514
3.668721	4.0985565962
2.829731	3.96371501338
1.709101	3.9310931576
1.795254	2.60969763193
3.262657	3.9660245128
2.013437	4.15178463443
1.800606	3.84146223914
3.256314	5.66218621988
3.534583	4.76723113819
3.904572	4.34972900242
3.326899	4.11392819047
2.325661	2.88043915284
1.273996	2.51644582609
1.416506	1.70790008068
2.797815	5.96450542522
0.875380	1.53787484431
2.970340	7.09821737879
1.339083	3.06265784027
4.762964	6.74364427458
2.714363	3.38253856509
2.879553	6.07570106851
1.966019	2.90374922129
3.559043	1.67145124343
3.372470	2.24942438269
3.084093	2.15769109315
3.459029	3.82434880717
3.789787	4.23431256693
1.321345	2.13622464696
1.335963	1.48827451766
1.753582	3.81953533209
0.729502	1.95535786326
2.549223	4.48854141413
1.994224	4.55195476672
2.732698	3.70000009084
3.457712	6.31777387788
2.153281	5.13789138912
3.169304	3.57192981199
3.895781	7.54736956977
1.146338	1.50958349832
3.983308	7.61163463411
0.999519	3.88030531425
3.875935	1.89568598272
3.896299	5.64119063147
3.387250	7.6053622444
3.345560	4.61299219163
4.725910	5.27222473059
3.025525	6.56383198159
1.513492	2.29665711752
3.391409	7.21673620459
1.687236	2.8498214928
3.646167	6.22361408376
2.113211	3.51546255387
2.736021	4.61516766244
2.595805	5.19176536932
3.687738	3.43009069649
4.034496	4.97272602761
2.604630	2.90791273498
1.886292	2.71605234476
0.733235	3.47036325361
2.323264	2.51297946598
3.605902	3.65810267951
0.700829	2.78915721257
0.968149	3.70854770252
2.337222	3.12985878676
3.631610	6.58628293972
1.722975	3.9495025075
3.018166	3.97860146913
3.177326	4.47763590317
5.010409	5.15165792172
2.962804	4.43772499219
0.848694	3.20986274871
3.300157	2.58085510344
2.821688	2.5808123282
3.327398	4.0943349216
3.802949	7.95262654607
2.419233	3.85729698867
4.625709	6.17804524506
2.695152	4.10607994154
2.442133	6.08316301199
2.820876	4.83940796606
4.543405	6.13137331138
3.548898	4.91054084763
2.660665	4.47288536914
3.083793	4.15948749087
3.631254	3.01469849033
3.112869	2.4092448484
2.212119	3.59135118633
2.232445	5.19598154525
2.686493	3.66579258856
3.392983	4.30287064002
4.651986	4.94831219354
2.775961	4.4513790791
0.825956	4.67917667194
2.133464	2.25901106478
4.709152	6.68569616456
0.768852	3.63266074531
2.859030	5.37231547922
3.548856	3.70149806512
3.932595	7.94235920151
1.278723	2.90234749321
4.091077	7.20973288007
2.650600	5.27594351755
3.493083	4.15239883273
3.967196	6.97184851727
1.670847	4.81729515058
3.150030	2.83386653884
4.045098	4.22459771689
4.166240	4.57836325255
0.849287	1.56948038379
2.023375	4.68860035103
1.398215	4.73771489795
3.478658	3.56100023646
3.821393	3.36448256345
4.903002	4.67491703582
4.758408	4.49007280023
1.746647	2.31748491362
1.802515	3.93224501796
2.787670	3.23941469925
3.742391	3.65113373641
1.676821	5.81659511771
0.277942	4.0480707403
5.058624	4.81932822288
4.083553	7.2924947379
1.453393	3.94401494414
3.476334	4.24802987945
3.557966	6.98591096235
2.506193	3.18779956228
4.107852	4.28139653232
2.159932	5.21407741374
1.443448	2.51427829616
3.299257	6.96880299839
1.948508	3.26048964718
3.670332	1.5740070228
3.667753	4.23532790351
3.886517	7.61649292439
1.424271	4.08703734258
3.561027	3.09955690156
3.617488	3.45763426131
2.324403	2.35652512089
2.663629	3.60823714322
3.219175	3.2821721721
2.350233	3.52438687047
0.549110	3.2912654244
1.494160	2.33309806695
3.033189	3.20748493577
1.831250	2.53116408638
2.543110	3.57637494486
3.115402	6.39767390583
2.308457	3.01346865742
3.598993	1.34797387827
3.697536	3.11669208584
3.601798	6.45062488814
1.984345	2.73174968896
3.107308	4.20043641103
1.633587	2.07116857754
2.209074	4.22230928965
1.333789	4.49707865512
2.624513	3.42829012999
4.079494	2.40799731572
4.439306	4.6221932263
4.775817	7.21672794414
1.519630	2.94909633049
3.040787	6.86613961436
2.489105	4.07771667627
4.257766	4.02470693544
3.686335	4.00332496179
1.502785	3.40570320643
1.102581	2.45743236855
2.802253	4.47982121513
2.293268	2.84427333244
2.351581	2.86834930332
1.505479	3.11155133585
1.610375	2.36926315955
2.787432	3.23117482469
1.674542	3.07415646629
2.908709	2.91316187382
3.571363	5.17311722656
3.051150	3.4918500262
2.488182	5.37170746337
1.571384	2.69815457784
3.101061	2.50895388502
2.133583	2.62022386675
1.955765	4.0923486277
2.996396	4.60412272214
4.538292	3.92792109711
3.346569	5.99798688009
2.236126	6.40524737556
3.536197	3.86431447209
4.945278	8.05018151609
1.393124	3.47574111302
3.724255	4.64046306773
3.343406	6.41159152749
1.578384	1.89555599805
3.325057	4.49066623755
1.079717	3.92101416276
2.721885	3.06833215127
3.719672	4.51468385252
1.253782	1.7677075247
2.386007	3.88587914211
1.294351	1.73498005945
1.733975	3.91475789894
1.105445	3.52267759789
3.832011	4.99540176307
3.450634	6.68372945662
2.012580	3.03790932302
3.701743	7.812309496
2.280220	3.98573304646
4.471385	3.90241192611
4.264700	3.91277020783
2.126979	2.34578096107
1.612870	2.33480757834
2.723253	4.15032938161
1.780248	3.6320017909
3.687431	6.26042989471
2.964519	7.36233496172
4.003116	5.13295076881
5.113973	5.32306209245
3.272580	4.81883211085
0.774183	4.94095167
3.387753	4.03621417343
4.860747	5.20531464358
2.233569	5.25011503178
1.385519	4.88355368191
4.629151	3.43436608419
4.682434	3.29376448323
3.196127	2.93765709848
3.129382	3.86856157941
4.261562	6.04056705935
1.970267	2.53903613832
2.582585	2.94335471861
1.663460	2.61582813099
2.771881	5.09962417816
2.075324	5.46386952121
3.359744	3.38640160358
4.055487	8.16596867458
0.902152	3.27877174679
4.225381	3.87754888741
3.307669	3.64631454585
1.895053	3.117272736
3.073854	4.52289128413
2.493949	4.13563959614
2.524245	3.21476837696
2.726426	3.68252048971
2.297773	2.69470869272
2.357993	3.46432375012
3.419723	5.47697795972
2.755092	3.36700095432
2.892473	5.65919141815
1.754088	1.85162610999
3.281311	7.18807356353
0.645623	3.27134204139
4.485843	3.91919201979
3.252821	3.80077923812
2.030518	2.19425840212
1.266008	3.52089935501
1.102602	3.03290840242
3.145252	4.28309596277
2.623421	4.68226210119
2.168882	2.7871914098
2.748154	5.38486607864
1.685738	4.25098202447
3.719380	2.28314370093
3.797645	3.73609662488
2.983612	4.19028112153
4.168848	4.62073618081
3.295237	5.9058570172
1.325327	3.65204607235
2.900671	2.93292984951
3.778060	3.85889796275
4.193870	5.86998015446
2.501032	2.85505444436
2.390528	3.13592603584
1.501657	3.34026344644
2.934713	3.75954525933
3.540192	5.39576228012
2.648497	3.31542479009
3.175761	4.88359801291
2.485683	2.92562117167
2.916921	3.29256016457
3.939556	6.34709974074
3.010436	5.01420308206
3.848830	2.77570988196
3.895439	6.29627890732
2.945203	3.20497599577
2.850884	6.28074047101
1.039306	1.80885293264
4.034857	6.7345081827
1.490176	2.28493781274
3.145862	3.1513239691
1.838119	2.4420243323
2.505089	2.38045809074
2.017260	4.71198336858
2.595020	4.66373669644
5.063949	5.00245551806
3.801896	4.42012568888
0.628092	4.27618835123
2.638561	3.3268644054
4.362702	4.37414614151
4.477903	7.29717984456
1.015299	2.73930296369
3.321457	3.66573708562
2.219081	3.828018111
0.634737	4.74855643249
2.984668	4.33905119131
4.724659	4.35771020549
3.117925	4.53094147611
1.894714	4.88310502995
1.963118	3.70918238191
3.810926	5.19128382279
2.971274	6.80301645203
2.119091	3.82371504153
4.423823	6.16608588409
2.930558	3.03265865845
2.400171	3.83409941618
0.319705	0.839812692992
3.023677	5.52084223922
0.782691	1.59298834978
2.840522	5.15327182467
1.428764	4.11091800104
2.762983	4.28483031918
3.523230	4.5516156006
3.381255	2.80437082321
3.130383	2.72988357721
2.032827	1.99291073708
1.410374	1.58809606951
1.901169	2.55846086476
0.660081	4.61879397744
1.751496	4.08299413056
4.494365	1.57134675908
4.523981	2.82699997729
4.311427	3.22871559682
3.739932	6.25045289264
2.866107	4.34865537805
3.755519	3.1559709816
2.999437	4.29222796275
1.525639	3.02715779641
3.962895	3.94728487144
2.466151	4.15737575361
3.262389	5.06511397487
4.845635	3.53350205828
3.681206	1.99221006423
4.005022	3.60099009541
3.810872	5.18798259313
1.637160	2.25489364398
2.187977	5.29769378059
1.320176	4.04685717661
4.259129	1.72407585407
3.896746	3.7261834366
3.885447	7.90525483743
1.518198	4.36761209345
4.700141	3.91093182972
4.319956	5.35226787363
2.113312	2.17090973827
1.916409	4.39349842431
0.110406	3.25187881866
2.825759	3.21068567248
3.291515	6.73817048426
1.441056	3.11691688046
3.605756	3.00759248807
2.551691	2.86691480393
2.955133	4.10882777993
1.195555	1.97588381714
1.414037	2.49543551756
1.706649	3.0540179084
2.170206	3.06573285272
2.299394	4.12160271908
2.218893	4.39946240113
2.650339	5.34635570492
3.915448	2.83475469982
4.072679	2.95992049954
3.088023	4.95575828144
2.739897	3.25635370014
2.876213	5.45414864474
1.706719	2.8140379751
2.842391	3.66186350307
2.530223	3.63644520056
4.089074	7.16036949153
2.490916	3.48192206484
3.536395	5.56006185957
2.577101	2.79143158854
2.283840	3.32879877315
0.956051	2.94075932283
1.145893	3.72890331689
2.620863	4.33468076055
4.107212	6.08525520088
3.243533	3.69648579738
3.357237	6.94465237736
1.731598	3.45826131574
4.028204	3.85727384044
3.175200	3.82392660694
4.381541	3.43574447244
3.968496	3.66297825193
2.662666	4.65036085949
1.516933	4.96822853908
2.695331	3.91040196918
4.208387	5.53497556102
2.561276	4.73765146941
2.031513	2.74757647768
2.765713	3.23726892633
3.506449	6.86316271476
1.415305	4.26372460634
3.246619	2.38419675378
3.721599	3.59599216903
4.055088	6.81695216755
2.965744	4.82624988592
3.995482	2.36173106575
3.952796	3.62075528443
3.026596	5.74590137409
1.153464	1.98365286493
3.089908	6.58399641962
1.601394	3.81390618
4.034353	5.64746003229
3.573454	4.71211121072
3.044215	3.90799974152
3.099011	6.87373456776
2.282336	3.56849877626
3.916165	1.90845870478
3.719383	1.82875167056
3.511715	3.8465244871
3.725255	6.55817476002
1.255150	3.32701152521
3.220816	2.15004765075
3.537898	2.26036051611
3.217079	4.67415961927
2.744659	3.50915299745
2.487755	2.96019742502
2.357663	3.94871583876
1.011305	1.70139966557
2.004335	1.47714895287
1.980475	3.6793994832
1.333086	3.74411017112
3.623374	1.84257336763
3.893494	4.34751322015
3.999466	4.29984001348
1.810088	3.16008747181
1.232794	1.41056169484
1.846134	2.55187837018
0.707085	3.46601054617
1.942303	3.38948669699
3.337398	1.96962625252
3.027252	4.28886129812
2.645613	3.49431504956
2.600188	2.81156171546
2.070837	4.28859139311
0.806059	3.2297592711
2.388634	3.33965910359
3.268429	5.50908555094
2.259589	2.28080237663
3.036714	2.52759178108
3.177168	2.6285203464
3.957912	4.45047171698
3.859948	7.02951975727
2.008964	3.24452601964
3.615138	3.73512369943
2.284703	3.27656174026
3.036180	6.21383834808
2.308539	2.34463003307
3.769246	3.65807329081
0.799391	3.38503833092
1.177665	4.52143287399
3.556118	4.12023871992
4.755374	8.72629059105
2.094756	3.87895830336
4.504322	4.50990487007
3.392397	4.16856253726
0.552194	3.43134595121
1.611538	3.17623973674
3.300651	2.84690027779
2.548742	3.71498043003
3.016770	3.3448817593
4.472094	7.99195281304
1.474092	2.56640789847
3.910473	3.81660459032
2.037651	3.85769922475
0.180766	2.34857740686
3.204189	4.85095793675
2.322414	4.01350898848
2.967844	4.28858210238
3.072283	3.43755457069
3.028694	5.3509033851
1.256077	2.42346230224
2.519920	2.20940648137
2.555176	4.95935447916
1.637947	1.90056263694
2.781318	6.63699546227
0.971799	3.54274635452
4.124774	3.27667041427
3.427158	2.95011403421
2.476116	1.85398323345
3.023902	1.61840797069
3.043243	1.63028790773
2.611852	2.15715737583
2.619794	3.22002436359
3.354977	4.55099236784
2.038535	4.61420247042
2.353021	5.11339837849
4.448732	4.45208510713
4.508805	5.33538762729
0.978862	3.6910589478
1.636346	2.91196474729
3.151649	4.55467251549
3.112670	4.92026087187
3.301654	2.10582611948
3.511762	3.30664245242
3.065182	6.30879969143
1.135454	4.01896707291
3.792032	1.14727486687
3.751822	3.00591931395
3.663298	6.31265596895
2.397745	2.88967233455
3.324130	6.8359518007
1.504721	3.40825691763
3.720219	2.06974576604
3.151169	1.76577771069
3.042225	2.99485726574
2.632584	2.49019460294
3.520323	1.62641151223
3.515249	3.78930347853
3.771448	7.08924943205
2.220181	5.64464957966
3.338402	3.85058856212
3.951061	3.38139628924
5.100835	2.11679250432
5.041739	4.43055685246
4.686755	7.75066673575
2.743012	3.02819878836
3.474639	3.48400662782
1.698483	2.3959097211
1.447281	2.6063881917
2.550055	3.52670493501
2.166376	3.04603928875
2.327562	1.32536855638
2.258747	3.46540969804
1.818552	4.67780126961
1.797436	2.23819050944
3.673593	6.20501098264
1.379643	2.48106747141
3.060707	5.83813475649
2.152297	2.77040919254
3.349924	4.00218567946
1.810224	2.78706748211
3.283450	3.59343006131
3.311359	5.67858399606
0.981478	2.06091711233
2.616049	3.6322878032
1.738428	3.39557499263
1.268999	5.05089870023
2.979039	4.37333247237
4.429064	4.43881692816
3.681761	4.50142064369
0.729788	1.5502853686
2.340297	5.28507222194
1.371973	3.71415816332
3.913974	5.2124108885
3.423843	3.7572135776
2.113960	3.44254238825
1.225220	1.32470021742
1.578582	3.90271637513
0.518982	0.697141228346
3.477920	7.17700595596
0.472916	4.22171719571
3.681695	3.68039142653
4.236052	4.60546144688
3.318334	4.40658460591
0.968610	2.13402448697
2.665248	4.95556934248
1.882019	3.30623647596
3.593296	2.17155099607
2.902114	2.6884423539
2.862013	6.508583541
1.370369	2.04155388754
4.562253	6.66759439101
1.449507	3.66040662368
3.022650	3.75541715074
3.319063	2.98767293801
2.590609	3.40045426564
3.136781	2.95334275627
4.170999	3.56074941422
4.069961	3.78345308513
2.373891	2.94942724367
1.300280	3.10385572637
2.353295	5.86581011112
2.897342	4.23952931747
4.195457	6.20727669737
2.904354	3.21937942219
2.601687	3.26830571996
1.041252	3.79613059616
2.341107	3.6945320013
3.973337	6.38998859894
2.691115	2.83336865545
3.189958	6.17415410898
0.561735	1.55598703401
3.106893	5.62597669848
1.429980	2.79765462574
2.987968	1.69246737476
2.689907	3.3129277562
2.528323	4.01314319815
1.629411	2.12231989231
2.413732	4.45791729553
1.406069	1.99872946803
3.924691	4.8151790439
1.436945	2.45168704437
1.447744	4.2419654522
1.801839	4.2893772198
4.027928	4.34845837833
4.055191	8.16901142743
2.029073	4.36627827006
4.595927	3.34695202271
4.747031	7.05934648102
3.514608	6.26015560136
3.360635	3.34121894889
4.036944	4.77374328907
1.260538	4.4516892016
2.224658	3.50848795325
3.727586	1.87110890214
3.491668	4.13811139351
3.638149	5.97280770586
2.282873	2.62073216819
3.407142	1.52421476744
3.652210	3.3307486722
3.591685	6.08977684772
1.148474	5.04994745306
2.995473	4.73495320932
4.588940	4.50273865264
3.700310	5.63028610732
0.882329	3.79012183672
2.275410	2.58654678589
3.391498	1.75273635682
3.609103	4.90401544807
3.447942	6.70019735938
2.694998	3.62321470005
4.048909	7.31688577831
2.473254	3.59001022138
4.064334	1.91865236493
3.967260	3.81752285715
4.311511	4.06854434709
2.657195	2.12764922818
1.483550	3.33346872065
1.507887	2.18267610052
3.003180	3.84405023313
1.602845	2.62794628219
3.084652	4.53556898616
1.951644	3.57910989832
1.916581	4.53383296906
2.667841	2.63164479616
3.143176	2.57631959934
2.585025	2.18711131283
3.019760	3.52921113332
3.337740	3.63202919705
1.630444	4.05563550537
0.867881	1.76902005838
2.774973	3.30132273948
1.504974	3.59631292592
1.477740	2.47080338083
2.371230	3.30142582779
1.847683	2.70679157038
3.459489	6.26382503483
2.094574	2.9228056471
2.835848	3.42437680356
2.015500	3.16443197362
1.745506	2.97793586517
2.041876	2.03824063278
2.174420	2.41441706662
2.868069	3.04708060845
3.154819	6.92233867657
0.800758	1.5266735915
3.920126	4.56567686441
1.235252	3.62393389258
1.504418	4.3770470863
3.125240	2.60868782178
3.813038	2.60272647821
4.080418	3.96828037943
3.760104	6.17865349492
1.239821	2.95338915289
2.718112	3.96867701776
2.701009	6.24860653522
2.897858	3.15775427643
3.978584	3.23861670981
3.696454	6.54517171062
2.283542	2.75946642136
3.364267	6.19625129495
1.729733	2.16601451981
2.999346	5.82250847227
1.544815	3.55208408061
2.898976	1.69312032199
3.029336	2.0466752432
3.342646	2.23210216095
3.744206	2.25713715308
4.001669	1.59955398698
4.260545	2.32461665552
4.221210	2.94649905102
3.561393	3.332408996
3.014698	5.68258510906
1.580937	4.565980642
2.787832	3.45266523065
3.475193	6.2239642312
2.050195	2.87357652445
3.328667	5.10617528731
2.464669	4.94004408009
2.161726	2.44004062127
3.207773	3.35766860251
3.008236	5.83635511734
0.729332	2.19272442196
3.120970	3.43639647164
2.264636	2.22219683474
0.906157	1.67932833423
0.674825	2.19973899335
0.953540	3.24692305062
2.352574	2.18836672195
2.810215	2.80500239019
3.093868	3.76209636174
3.916690	5.49222953376
2.710027	6.14397402291
2.266320	3.24962224061
3.645186	3.88087210825
3.899018	5.27076908145
2.211998	3.81230335028
1.987588	2.79112356044
2.555824	3.3485120453
1.512714	3.02806834491
1.340918	3.3911689719
2.478886	2.47769157806
2.656587	2.91899410012
3.438874	4.89870540676
3.066035	4.58439921857
2.828774	4.1639230091
3.098825	6.87601757509
3.117101	3.89068869552
4.381681	4.62612096918
1.906392	4.47715744361
2.859745	4.99336910432
4.914967	3.91921680083
3.800018	3.9226728389
2.913991	3.86347289056
3.915339	5.95224983741
2.815310	4.34425413842
2.534479	2.94301419601
2.859595	6.29405415099
1.299515	1.55978788425
4.071919	5.08051242459
0.958855	3.12109322833
1.975924	4.67184191852
2.871110	3.34192457338
3.297007	6.6379904539
1.582338	3.40224995391
3.915851	4.67850796108
3.106608	4.33286329149
1.556801	5.4925581315
2.802109	2.90776010596
4.933759	6.83366560822
0.287844	1.82707051418
2.830308	4.01202521748
1.903448	2.29480848035
2.757841	3.14241037086
1.342862	2.30517079972
2.139287	2.4502528559
2.666687	2.86319321878
0.800039	3.72496432054
0.885510	1.36860008475
3.288888	6.78772042077
0.992238	2.25587094287
3.401657	5.85754021785
2.072437	2.45940090437
3.154687	3.37577218897
1.323225	2.61055555633
0.365259	1.85877002856
2.284412	2.71133575096
1.909789	3.9386835088
1.562756	2.34123558004
2.571686	2.46925610431
2.849851	4.89645568452
1.728005	3.52699275419
2.609164	3.0159135166
2.816403	2.83144974438
1.919365	3.35322548133
2.550859	3.23123111347
3.666708	2.07340587224
3.476911	2.12105242355
3.079775	2.66691209316
2.820507	3.01429209715
3.709435	2.61897733871
3.976232	5.70700715101
3.385304	4.71628257857
2.810733	2.09241953349
2.991395	2.71501327025
2.395666	4.97050029759
1.614652	2.9523639311
3.136790	3.06289756714
2.574141	3.06219863889
3.258484	6.86401688602
1.478838	4.35627541384
4.279535	2.67322340647
4.033885	4.00909393152
4.637027	7.54493757186
3.034439	4.12520918666
3.471487	5.2854783078
2.734403	6.33643512012
2.756536	4.21158393273
4.287992	6.29700556051
2.893578	5.27238731645
2.594017	2.98804691731
3.242742	4.21291656897
0.957068	3.16640352384
1.246608	3.72612114608
2.772626	3.51138925039
2.934343	4.00912808523
4.561789	6.22114289797
3.904906	4.69569731893
2.507355	3.55185172986
2.485729	3.39530068434
2.321503	2.16165386616
2.220131	3.79795758549
0.830270	4.31718224047
1.751714	4.35183736214
3.839535	5.05288430106
4.799343	6.67444474065
2.711069	3.06882369187
2.780114	3.70981834223
1.324945	2.7522926311
2.472510	2.20494164606
2.390938	2.86057638523
1.372332	2.04110349185
2.327775	2.76517335882
1.495050	3.06857676703
0.868207	3.58959784709
1.667407	2.64919780044
3.592381	2.72187905415
2.211009	3.66094590566
2.258176	2.26430934482
4.303317	4.4731942447
0.911639	2.40352043809
1.212628	1.63352714401
1.719699	3.92736042818
1.110940	2.35048270063
3.274703	2.81660301521
2.202632	2.20065158737
2.609026	2.89555816165
3.170565	2.44852683332
3.999953	4.33233962704
4.111327	4.05331387665
2.049367	2.51843703241
0.513355	1.1325115531
1.432999	3.73827907818
1.022223	3.19578128094
2.632120	2.8704286496
3.060084	4.11983587644
0.835122	4.10056447486
2.926189	3.58444456394
4.191618	7.41523498804
2.292094	2.78996391765
4.072538	4.36250370254
1.250772	4.60457684855
2.183317	3.24457288899
4.073136	4.06955527812
2.483278	4.29350859296
1.163308	1.56994609844
2.044633	3.39581811418
0.985334	3.85395881731
3.098958	2.91500015279
3.869960	2.09494481642
3.658749	3.67555490391
3.395476	7.04912972194
1.018309	2.33463674702
3.928342	4.46714893144
2.161616	4.98118218435
1.496145	4.5188153372
3.403265	3.62217558736
4.583055	7.06083453928
1.509511	2.58410357477
3.068311	6.73442496317
2.101269	3.81483255001
4.323195	3.50401524685
2.947364	2.18200020385
2.334522	4.00130956588
2.130528	3.07985722651
2.867622	2.28944196701
2.376020	4.04415055314
1.566763	5.12989639578
2.544973	4.29620322794
4.344035	3.7664606465
3.198134	3.20807043967
2.094846	2.18487360466
2.809323	4.05438727523
2.589456	6.04324852298
2.063979	2.39698813382
3.844853	6.25507745963
0.961290	3.27698566886
2.937197	6.43554235644
2.932103	3.51351913908
4.242870	4.43892018758
1.779101	3.08374842997
1.543960	4.34841308499
2.223253	5.70399733092
3.829475	4.72758430354
4.401308	8.17813416151
2.273463	3.04889609338
3.795978	7.07350961159
2.249662	2.7115319918
3.197208	3.36354060033
1.314040	1.55319203912
0.133565	0.93933227995
0.716677	1.0287225251
1.044696	1.93065587187
0.688260	2.39002386604
2.013029	3.68098822449
2.662061	3.91261181602
4.022742	3.39018880544
2.717199	2.91342542463
3.133447	5.94166087946
0.905889	2.58779750568
2.865687	6.3616222805
2.254290	3.64044804647
3.607554	3.85769579682
2.663350	5.63748016866
0.312759	3.5188087122
2.870883	4.69134718142
3.418722	7.74550973329
3.890399	4.65834461932
5.073741	5.08705911234
3.969199	4.39208824363
0.461055	2.3551346689
0.990062	2.7051396715
2.238023	3.41321657266
2.480519	2.24915263862
2.407312	3.13238938071
3.134546	6.5130114249
1.875035	3.92712619414
4.348828	5.68405242121
3.467009	3.41056127019
2.107618	3.19883216538
0.255375	3.16083689777
2.304327	2.56341698776
3.076455	3.67006606567
1.122408	2.17182700545
2.503074	3.35372141727
1.953578	3.56828871354
3.626761	3.82202243651
4.047683	6.36728914904
1.738381	1.80698643437
2.929583	6.33339008125
0.337098	4.17283199116
3.963004	2.57457704028
4.092436	3.60403187367
3.311815	4.0872034114
1.669922	3.67037142421
3.172893	3.7656269621
4.158417	8.48824812136
1.659072	2.00384386449
4.698621	9.28288964824
1.180154	1.5891887859
4.818254	9.6213234553
1.107057	4.80566970022
5.098616	4.21100713315
4.867682	3.98171132552
3.290534	1.9840031649
3.573801	3.59860249842
3.763451	5.8127641279
1.520057	3.21702682436
2.717119	2.68681711963
2.801259	4.30840177352
0.790218	4.3970002459
2.135998	3.79101514109
4.180381	6.70496075848
3.028691	3.78426422048
3.318887	4.06355352507
2.425606	4.20380759883
1.449276	4.80065075769
3.140485	3.84615280036
4.239684	2.94858102863
3.704234	3.73682859958
2.967843	6.24415630972
0.185388	1.19936711444
3.511601	7.14145866439
1.140332	1.46213138491
3.795173	4.36495854288
0.940047	5.09300148047
2.651978	4.40877002514
4.818823	4.61165205117
3.939068	7.54909776893
1.213670	3.05720686183
3.942078	5.97582812029
2.897795	6.54281447909
2.855370	4.39097774405
4.221855	5.72586815602
3.255702	4.51423441537
2.214437	2.28724045637
2.480403	3.550376208
1.416658	3.34777453553
3.214934	3.5254889115
3.559485	4.9018593535
1.268864	3.60992523427
3.668878	4.86281230895
3.314189	3.83672170792
2.171710	2.37527784666
1.953109	3.09701503795
0.518532	2.91368182581
2.304132	2.61815889215
2.892822	3.88147597093
1.100349	3.79913779515
3.025282	3.62504594379
3.981341	3.91035705058
1.835850	3.61443150886
0.823416	4.36838042532
1.926119	2.96383856412
3.877707	4.55098777151
2.335321	2.80276440774
1.038856	1.08998501365
1.221128	3.98283726512
0.313641	4.22751511998
3.922708	4.72499545183
4.206727	4.57658379298
2.828513	5.62607520481
1.821300	1.94444697173
3.367154	3.7379454745
0.760241	2.56140774639
1.337890	4.41065628346
2.440539	2.71328137717
3.980239	4.57526467313
1.285128	3.998578132
1.789922	3.72425087115
3.032845	5.29260243724
3.615724	2.71263376065
3.912296	3.508789436
2.997921	5.37065612601
1.621502	3.56695828
2.743008	3.57116835733
3.003600	5.35082326693
2.334341	2.54540684132
3.305778	4.02157391996
0.740802	3.33622376678
2.070176	2.98816896956
3.382589	3.34204011581
3.531844	5.82796586834
1.326673	2.63343194376
2.776337	3.99968133409
2.314338	2.63124450369
2.137555	4.76125227444
1.426773	1.76674794662
3.229382	5.71884044477
0.988499	1.90760858994
2.986409	4.3536198253
1.582640	3.89285089774
2.043448	2.37486975899
3.371400	3.54176302498
1.475529	4.65238528361
0.261293	2.38458546327
3.659743	4.13471965701
2.237520	3.49479502709
3.548612	5.79918202476
2.491385	3.25202839374
2.883590	5.71406793171
1.912044	3.19158472487
3.108199	2.22910653901
2.444119	1.5182996967
2.639080	2.45989084459
2.430322	2.69980745532
1.364909	1.40491727701
2.294264	5.38184302064
0.217453	2.08604602349
3.253896	5.80390762665
2.051405	3.36653922683
2.740653	2.47615419428
2.586117	3.08300147945
3.276988	3.76230662182
3.827689	3.39744184384
2.654271	1.89816752606
3.054315	1.79807634412
3.272108	2.21517982088
2.974097	2.89260132867
3.391623	5.60352840629
2.410579	2.77891900155
2.902047	3.65880296715
1.530084	4.97775526346
3.227910	5.33470314604
5.223389	4.44475058625
4.004975	5.49532355263
2.736972	6.25998299733
2.046775	2.41792018455
4.026513	7.68710350994
1.326726	3.81395270337
3.987349	3.10670688665
4.154841	6.58279779917
3.210923	5.40159422945
3.169519	4.00388890802
3.747862	7.15696046219
1.949124	3.38204285699
3.824767	6.18114965828
2.915064	3.08481765639
2.962170	3.69168876206
0.749650	2.49599219949
2.594371	3.55046177023
2.437361	2.54367639172
2.226876	2.70823402284
0.540076	2.6860853609
1.810058	3.33928621306
2.589599	2.6173057417
2.605451	3.9005212463
0.846257	4.15296731034
3.081433	3.50208542255
4.127773	3.97446679466
1.631358	3.31284889944
1.718280	3.90230925459
3.537705	6.57175508709
3.587593	3.56093166031
4.351238	7.40928550547
0.846922	1.65269500369
3.442998	6.13723718058
1.459839	4.51185240209
2.964052	3.17330882123
3.782966	4.96725072136
1.500352	2.23524582306
1.910835	3.02716266162
1.695574	2.22730337814
1.935375	3.80084118967
1.822840	4.8205865848
2.493200	2.37187032897
4.402327	6.05816681351
0.337929	2.48584095596
2.563707	5.52115257333
2.379762	3.11730219319
3.338406	6.88005284438
1.808831	3.6056544926
4.552661	3.88022565895
3.170909	2.64936028301
2.434340	2.54357456727
2.943626	2.81287701719
1.213077	1.28115596516
1.743479	4.00571933603
0.433467	3.92642294785
2.415119	4.39126645444
3.717867	4.71656289252
5.088253	4.21894481417
4.071535	4.02260061407
2.751769	3.82792573891
3.771745	2.7216437917
2.620634	2.00453271553
2.566463	4.82345881088
1.738787	1.94530296704
2.682953	3.70469235777
0.911546	3.56304923885
2.787476	3.21686325359
3.690617	3.65197422388
3.155515	6.24793890444
1.467504	1.93860400434
3.045329	4.89441459374
1.235651	3.30413796006
2.229253	3.06665061213
3.233058	3.08705624121
2.444921	4.3557070774
1.052050	3.18221785855
3.483944	5.1096082143
2.938765	6.40651278712
1.930102	3.47318777173
3.475970	4.9962001186
3.085928	6.97371091497
2.782382	3.47547150496
4.448424	4.38252342724
2.232765	4.69160234254
1.210664	4.30938538488
4.422071	2.75807721363
4.358382	2.93308282988
3.395067	3.18383827909
3.172268	5.69513977539
1.311806	2.80835125084
2.469843	2.71789982572
2.533069	3.85021742004
0.781103	1.10450661861
1.938913	2.65738639083
0.790629	3.2206485062
2.022768	4.12209036169
3.301833	3.6248577199
4.616331	2.85365300385
4.290587	5.3267921557
3.753083	5.86351788609
1.926963	2.72784579964
2.991580	3.57589724803
1.840441	4.81600252408
1.621010	3.63702606132
3.335932	2.77990218488
2.999138	3.46098481401
3.630893	6.51140456817
2.728977	6.34490159868
4.002822	4.17731610721
4.685015	4.26855984091
3.246239	4.47460355313
1.606345	2.0134492401
1.584389	3.72961465326
1.064602	3.3356090107
2.354539	2.80321342375
3.300608	4.51387762703
3.526743	7.20837315219
3.198691	3.76508367924
4.395713	2.92304774785
3.765297	3.1240477027
4.196418	4.71407146605
3.654282	4.05721547345
1.400426	4.21449799239
1.608096	2.35396934664
3.743292	7.3618580788
1.787669	3.224148398
3.480085	6.42340162485
2.643415	3.30290012607
3.826301	3.41125355736
4.292111	7.32592930272
2.911107	3.56697997935
4.070459	7.55455753868
2.152538	3.66852632087
