0.000427246	0
0.0580862	0.0371303
0.0652499	0.0537613
0.0890668	0.0647238
0.102159	0.0718897
0.109191	0.0870907
0.140508	0.106359
0.143978	0.121502
0.199232	0.137993
0.18938	0.160573
0.244284	0.178562
0.243271	0.201343
0.262917	0.227015
0.305405	0.245206
0.3097	0.265571
0.311715	0.280238
0.296815	0.289811
0.318273	0.297872
0.352284	0.308005
0.342103	0.320214
0.335205	0.331885
0.338771	0.341667
0.375464	0.34731
0.347691	0.349591
0.359752	0.354309
0.378248	0.360643
0.385221	0.3666
0.405559	0.379188
0.435704	0.390602
0.442995	0.406831
0.487629	0.430815
0.485245	0.451242
0.504464	0.47315
0.520487	0.491043
0.515295	0.497679
0.503675	0.503766
0.505208	0.508381
0.518893	0.51
0.520553	0.512797
0.506359	0.515436
0.524899	0.516692
0.519843	0.519928
0.536639	0.521569
0.532889	0.524061
0.535797	0.52679
0.530647	0.528685
0.535423	0.531024
0.538991	0.532478
0.551105	0.535225
0.550055	0.538759
0.544442	0.541873
0.544143	0.54463
0.550115	0.546028
0.527258	0.546383
0.551273	0.547875
0.546783	0.548769
0.554663	0.54961
0.549469	0.550874
0.558099	0.550321
0.559161	0.551171
0.546561	0.551361
0.557831	0.550843
0.560566	0.551932
0.557109	0.552945
0.556647	0.554899
0.565825	0.557795
0.561067	0.559647
0.566002	0.561887
0.572984	0.564542
0.56994	0.567933
0.571606	0.57344
0.583813	0.577519
0.582242	0.580705
0.590101	0.581987
0.592656	0.583978
0.602497	0.586924
0.593502	0.590645
0.585761	0.593091
0.595084	0.593685
0.591921	0.594107
0.59705	0.593405
0.592057	0.593902
0.60552	0.59518
0.594662	0.595923
0.597879	0.595941
0.597221	0.596971
0.592324	0.597045
0.605164	0.597881
0.602895	0.599863
0.612197	0.601492
0.615263	0.605154
0.612613	0.609248
0.630373	0.615223
0.633566	0.621736
0.637044	0.627506
0.631511	0.631988
0.642245	0.634854
0.63604	0.637449
0.63756	0.637738
0.643687	0.63835
0.639781	0.638663
0.643135	0.638694
0.632759	0.639714
0.645412	0.640549
0.64058	0.641165
0.64568	0.641387
0.645401	0.641563
0.642533	0.641945
0.644524	0.642088
0.645411	0.642383
0.649275	0.642777
0.646044	0.643299
0.645386	0.643559
0.640339	0.642987
0.645211	0.643487
0.640324	0.642348
0.637329	0.642045
0.644366	0.643312
0.652508	0.64443
0.649097	0.647261
0.651295	0.648464
0.649748	0.649763
0.650143	0.649757
0.652494	0.648401
0.644445	0.648706
0.649098	0.648207
0.644878	0.64762
0.642893	0.647696
0.646301	0.647361
0.645749	0.647245
0.645343	0.646041
0.639628	0.645881
0.641405	0.645421
0.646006	0.644933
0.636242	0.645572
0.647311	0.644927
0.643423	0.64493
0.637511	0.644553
0.640406	0.645216
0.648997	0.645724
0.648522	0.645645
0.649928	0.646945
0.644129	0.647624
0.644589	0.649111
0.644978	0.649785
0.646217	0.648747
0.645983	0.647669
0.655395	0.64655
0.653827	0.647009
0.649638	0.648905
0.650134	0.650796
0.652658	0.651853
0.651324	0.652416
0.650642	0.651847
0.646304	0.650618
0.648811	0.649759
0.646444	0.648284
0.645656	0.64681
0.646235	0.646194
0.652332	0.646003
0.646923	0.646362
0.644071	0.646739
0.64646	0.647498
0.651723	0.647607
0.642632	0.647585
0.641488	0.647313
0.639119	0.646602
0.641483	0.645526
0.642852	0.64438
0.642151	0.643923
0.644533	0.644099
0.647062	0.643401
0.635527	0.642617
0.648485	0.642834
0.648609	0.642719
0.644628	0.643988
0.651167	0.645807
0.653313	0.647527
0.652776	0.649724
0.652802	0.651542
0.655812	0.653599
0.655972	0.65427
0.65132	0.654191
0.652051	0.65378
0.650274	0.652805
0.647358	0.651178
0.651683	0.649585
0.646864	0.648158
0.649005	0.647691
0.649147	0.647741
0.65876	0.647948
0.653008	0.649175
0.656113	0.649445
0.648159	0.650137
0.659457	0.650744
0.655608	0.652082
0.65916	0.652591
0.651865	0.653985
0.659718	0.655459
0.652821	0.655964
0.654215	0.657181
0.658526	0.657357
0.659487	0.656966
0.655527	0.656656
0.648694	0.655724
0.640296	0.654252
0.653977	0.654041
0.650374	0.652996
0.651105	0.652477
0.657267	0.653148
0.655442	0.653645
0.650992	0.654322
0.657966	0.654809
0.660966	0.655456
0.652737	0.655373
0.64828	0.654924
0.652173	0.654149
0.646983	0.652827
0.650454	0.651325
0.652549	0.650581
0.649953	0.650838
0.656946	0.650414
0.656304	0.651311
0.651948	0.652239
0.651776	0.652531
0.64348	0.652528
0.649851	0.652169
0.650019	0.651684
0.654225	0.650849
0.64402	0.651665
0.648562	0.651118
0.659333	0.650974
0.655046	0.652119
0.647656	0.652293
0.65098	0.652503
0.652395	0.652101
0.658198	0.652213
0.658108	0.653148
0.652095	0.654234
0.656778	0.65627
0.660392	0.657206
0.655793	0.657782
0.661609	0.659407
0.659036	0.659551
0.658935	0.659822
0.662709	0.659418
0.659562	0.658107
0.650751	0.657123
0.652061	0.655848
0.651823	0.655213
0.652298	0.654272
0.643965	0.653792
0.652338	0.653417
0.657757	0.652602
0.661218	0.653143
0.652741	0.653896
0.649911	0.654527
0.659034	0.655777
0.653924	0.656572
0.659972	0.656574
0.65496	0.656633
0.654414	0.656274
0.653266	0.655617
0.650258	0.655013
0.6514	0.654701
0.64734	0.653768
0.652684	0.653216
0.643196	0.652829
0.642274	0.6512
0.642063	0.649693
0.644843	0.64679
0.646362	0.645529
0.649245	0.645776
0.650025	0.645748
0.651021	0.646785
0.643549	0.646369
0.651045	0.645849
0.654213	0.647119
0.655782	0.648325
0.647868	0.64988
0.650104	0.651328
0.653621	0.652105
0.649114	0.652885
0.655811	0.652434
0.650798	0.652743
0.641006	0.652957
0.652204	0.652772
0.66016	0.653534
0.659097	0.65324
0.643735	0.65274
0.658804	0.652738
0.65259	0.653644
0.654683	0.654389
0.657476	0.654699
0.653719	0.654399
0.653783	0.65357
0.64919	0.652194
0.654962	0.651797
0.661338	0.653161
0.656462	0.654648
0.660999	0.656513
0.66194	0.658146
0.657454	0.658476
0.656477	0.658637
0.664599	0.659321
0.658231	0.659793
0.660467	0.659552
0.657452	0.65964
0.660482	0.659364
0.655519	0.658747
0.658047	0.658384
0.659887	0.657432
0.649574	0.656361
0.656519	0.655863
0.655718	0.655866
0.658564	0.656491
0.654996	0.657506
0.659676	0.657735
0.659375	0.657489
0.658722	0.656799
0.654684	0.655867
0.659313	0.655374
0.659156	0.655332
0.65472	0.654846
0.647382	0.654461
0.653788	0.653783
0.659654	0.653867
0.663875	0.654694
0.664002	0.655949
0.650597	0.657152
0.658904	0.657072
0.655221	0.65631
0.657379	0.655874
0.652139	0.65535
0.656759	0.655208
0.649229	0.655692
0.652023	0.655074
0.656814	0.655509
0.658454	0.656745
0.65243	0.657381
0.653255	0.65796
0.653635	0.658126
0.649677	0.656761
0.655928	0.655942
0.659149	0.656078
0.646446	0.655195
0.653355	0.655556
0.650928	0.654932
0.650307	0.65433
0.654571	0.6547
0.65905	0.655011
0.660448	0.656154
0.648245	0.656793
0.66261	0.657093
0.658419	0.657613
0.666328	0.657677
0.656374	0.657995
0.648305	0.658193
0.663175	0.657782
0.648129	0.656781
0.658134	0.655071
0.656627	0.654605
0.653026	0.653746
0.650984	0.653094
0.665299	0.654408
0.655692	0.654297
0.657393	0.655143
0.651341	0.656894
0.658158	0.656892
0.662705	0.657542
0.654326	0.65814
0.655061	0.657914
0.654459	0.65798
0.662503	0.65803
0.654793	0.656969
0.652507	0.656567
0.662708	0.656341
0.658231	0.656042
0.657439	0.657365
0.658487	0.657934
0.654476	0.657609
0.660154	0.657757
0.658795	0.657515
0.661028	0.658385
0.662925	0.659354
0.660004	0.659432
0.654891	0.658931
0.6555	0.657741
0.654483	0.655954
0.652423	0.655246
0.653754	0.654308
0.655501	0.653945
0.653708	0.654413
0.648858	0.654002
0.658449	0.652969
0.653758	0.651952
0.65493	0.651008
0.651018	0.650521
0.645356	0.650973
0.662016	0.651761
0.655065	0.654199
0.661976	0.656139
0.666778	0.658823
0.659358	0.660472
0.660133	0.659514
0.659022	0.659956
0.659607	0.658974
0.66564	0.658954
0.658237	0.659449
0.668424	0.659036
0.659807	0.659735
0.660127	0.660609
0.662287	0.661184
0.668119	0.661883
0.667174	0.66318
0.670227	0.664124
0.667946	0.665934
0.669114	0.66661
0.666287	0.666724
0.6693	0.666821
0.665829	0.666366
0.668261	0.666467
0.668975	0.665582
0.672264	0.665064
0.663085	0.664764
0.666675	0.664983
0.670963	0.666145
0.671263	0.666197
0.671096	0.666863
0.668608	0.667031
0.66959	0.667191
0.669169	0.667953
0.665609	0.667927
0.668592	0.668201
0.664155	0.667338
0.66623	0.667015
0.664455	0.667171
0.667447	0.667243
0.663453	0.667957
0.667165	0.667662
0.661192	0.667255
0.666146	0.666699
0.666743	0.66649
0.669047	0.666476
0.659842	0.666715
0.66068	0.665993
0.661855	0.664566
0.654579	0.663302
0.660193	0.661684
0.662106	0.660931
0.67	0.661966
0.667745	0.663266
0.651869	0.664001
0.668176	0.664022
0.662398	0.663797
0.660432	0.662336
0.661457	0.662176
0.663581	0.663237
0.668198	0.663967
0.668477	0.665703
0.670291	0.666371
0.673005	0.667001
0.661536	0.667008
0.665273	0.666326
0.661908	0.666486
0.661932	0.665607
0.659437	0.664807
0.662676	0.66445
0.666597	0.663782
0.662433	0.664127
0.663991	0.664072
0.658813	0.663748
0.662878	0.662581
0.65457	0.661558
0.667084	0.661426
0.667788	0.662431
0.660293	0.664297
0.671783	0.665362
0.670184	0.666543
0.671152	0.666335
0.673457	0.666488
0.663972	0.666471
0.656951	0.664736
0.663209	0.663482
0.663596	0.66277
0.669536	0.663015
0.666212	0.664703
0.663452	0.666398
0.65711	0.666504
0.656333	0.666372
0.66054	0.665708
0.670966	0.665654
0.666044	0.666053
0.671943	0.666901
0.671301	0.667831
0.666691	0.668376
0.666135	0.668854
0.670012	0.668902
0.672128	0.669019
0.669729	0.669315
0.667672	0.669567
0.663469	0.669602
0.672201	0.669427
0.672608	0.669321
0.672691	0.66942
0.661372	0.669324
0.6652	0.668892
0.667815	0.66846
0.66649	0.668356
0.661251	0.668762
0.667635	0.668359
0.662658	0.667687
0.663667	0.667521
0.664396	0.666743
0.671366	0.666798
0.666184	0.66712
0.667433	0.66673
0.661603	0.666732
0.668325	0.666785
0.664596	0.666545
0.661765	0.665689
0.663772	0.66523
0.661095	0.664087
0.667532	0.663584
0.66187	0.664293
0.668573	0.664971
0.669894	0.666383
0.670007	0.66725
0.670794	0.668216
0.669524	0.668612
0.66738	0.669135
0.66874	0.669363
0.667045	0.668631
0.670401	0.667226
0.666513	0.666393
0.658658	0.665316
0.658613	0.663649
0.664952	0.663116
0.662119	0.662853
0.668579	0.662906
0.6636	0.663716
0.664594	0.663573
0.659423	0.662727
0.663702	0.661863
0.663986	0.661192
0.661814	0.661043
0.661357	0.660851
0.667528	0.661441
0.664715	0.661914
0.66627	0.662591
0.662045	0.662593
0.667014	0.662576
0.662914	0.662664
0.657386	0.661662
0.657234	0.660945
0.659603	0.660186
0.658375	0.658406
0.651554	0.657733
0.661263	0.657712
0.656668	0.6576
0.662036	0.658728
0.660322	0.659385
0.657148	0.65944
0.658972	0.659275
0.658261	0.659571
0.657539	0.658381
0.659554	0.658339
0.656811	0.658065
0.657891	0.65743
0.654595	0.658083
0.658657	0.657896
0.656129	0.658085
0.657749	0.657758
0.663617	0.658011
0.656164	0.658113
0.661864	0.658299
0.658625	0.658969
0.657007	0.658924
0.662094	0.659858
0.666163	0.660956
0.662004	0.661068
0.661902	0.661699
0.656096	0.6616
0.659862	0.66046
0.662258	0.660266
0.663375	0.660823
0.660886	0.661298
0.662226	0.661915
0.65584	0.662791
0.663588	0.662884
0.670398	0.66305
0.664649	0.663577
0.661115	0.663528
0.660126	0.662841
0.666258	0.661565
0.658063	0.661343
0.660194	0.661157
0.659035	0.66103
0.664269	0.662556
0.663766	0.662835
0.6644	0.663636
0.666858	0.664718
0.66426	0.664716
0.664752	0.664662
0.658809	0.664142
0.658867	0.664145
0.66735	0.664193
0.669126	0.663976
0.669174	0.664954
0.66601	0.665673
0.65979	0.665799
0.667997	0.66632
0.665917	0.666029
0.663949	0.66554
0.665191	0.665736
0.667064	0.665997
0.667299	0.666097
0.661872	0.666837
0.670281	0.667301
0.668831	0.66811
0.67328	0.66927
0.674332	0.670654
0.672559	0.671882
0.671132	0.672747
0.673525	0.673051
0.672544	0.673298
0.671957	0.672923
0.665071	0.671971
0.670898	0.671296
0.667563	0.671432
0.674524	0.672381
0.673551	0.67322
0.667911	0.673195
0.672769	0.671653
0.664134	0.670394
0.674064	0.670407
0.663832	0.670459
0.669954	0.670583
0.670356	0.670907
0.66913	0.67049
0.669181	0.67025
0.671954	0.670922
0.674554	0.67118
0.675895	0.671728
0.676883	0.673047
0.671272	0.673642
0.670584	0.673946
0.664974	0.672913
0.668887	0.671238
0.671456	0.670383
0.672429	0.669852
0.669926	0.670272
0.674413	0.671691
0.669569	0.671613
0.659802	0.670016
0.668882	0.669112
0.66455	0.667998
0.662062	0.667453
0.670224	0.667634
0.667345	0.668066
0.668076	0.66815
0.67021	0.667749
0.660218	0.666747
0.664802	0.665883
0.66977	0.665005
0.667692	0.664942
0.664595	0.664927
0.657645	0.664576
0.661869	0.663006
0.669171	0.662834
0.672511	0.665156
0.663508	0.665995
0.671758	0.668153
0.666481	0.668429
0.670539	0.667331
0.674835	0.667559
0.666618	0.668082
0.667809	0.669226
0.673033	0.67074
0.676304	0.67224
0.675914	0.673389
0.675732	0.67478
0.679562	0.67619
0.675155	0.676831
0.681481	0.677468
0.670668	0.677918
0.678463	0.677593
0.675786	0.678363
0.67797	0.678131
0.66851	0.676669
0.674738	0.676241
0.676125	0.675142
0.672989	0.67483
0.67619	0.675214
0.674171	0.674465
0.67058	0.674115
0.677092	0.67383
0.665475	0.673337
0.671585	0.672605
0.673339	0.671458
0.669871	0.670628
0.676026	0.670554
0.6743	0.670925
0.667672	0.670627
0.668587	0.670499
0.67567	0.670026
0.668899	0.670267
0.66984	0.671258
0.675382	0.672626
0.675676	0.673911
0.674859	0.67512
0.678622	0.67652
0.670237	0.676422
0.675175	0.676113
0.673119	0.675307
0.677481	0.674646
0.67666	0.674531
0.677281	0.674542
0.670523	0.675273
0.67127	0.675144
0.6706	0.674608
0.674756	0.673531
0.679727	0.673277
0.680683	0.673299
0.674698	0.673898
0.670507	0.675372
0.674212	0.675442
0.678263	0.675786
0.676515	0.675852
0.675178	0.675214
0.672178	0.675587
0.674511	0.675037
0.677454	0.674258
0.672557	0.674585
0.669269	0.673738
0.666914	0.673811
0.674281	0.673804
0.671304	0.673227
0.677079	0.673248
0.673668	0.673341
0.673119	0.673309
0.670021	0.673383
0.681664	0.67402
0.676188	0.674509
0.680549	0.676045
0.674869	0.677505
0.678282	0.67755
0.679734	0.677922
0.68037	0.677961
0.67925	0.677578
0.673801	0.677888
0.67968	0.677792
0.674323	0.677403
0.67615	0.677333
0.681933	0.677723
0.675993	0.677727
0.676703	0.677613
0.677512	0.677481
0.671724	0.676622
0.67089	0.675444
0.678244	0.675399
0.680943	0.675749
0.677169	0.676158
0.672307	0.67668
0.676005	0.676253
0.675392	0.67542
0.671065	0.675284
0.673625	0.674148
0.671526	0.673463
0.678984	0.673743
0.673498	0.673208
0.673499	0.674624
0.676271	0.676065
0.675396	0.676108
0.672833	0.676478
0.678221	0.676531
0.678977	0.676196
0.679176	0.677236
0.678588	0.677397
0.677653	0.677472
0.681416	0.678157
0.67493	0.677465
0.676303	0.677722
0.679102	0.678189
0.677023	0.678096
0.680151	0.678757
0.678634	0.679029
0.681272	0.678691
0.679514	0.678703
0.676064	0.678278
0.675018	0.677854
0.677476	0.677136
0.674856	0.675828
0.674452	0.675443
0.67614	0.674722
0.67031	0.674339
0.671238	0.673319
0.672923	0.67173
0.67234	0.670649
0.674481	0.670629
0.674501	0.671465
0.675194	0.672355
0.675859	0.673686
0.678021	0.674223
0.67577	0.675042
0.665904	0.674583
0.672551	0.674358
0.676495	0.674437
0.676604	0.674404
0.673268	0.675517
0.678845	0.676274
0.678996	0.676687
0.680283	0.676705
0.674348	0.676317
0.676564	0.675446
0.674187	0.674839
0.675852	0.6747
0.671437	0.674394
0.675278	0.67495
0.681909	0.675139
0.674929	0.674685
0.674871	0.675439
0.672912	0.675153
0.671751	0.675423
0.677187	0.675728
0.677839	0.675943
0.672199	0.676588
0.676068	0.676371
0.678669	0.677084
0.676804	0.676859
0.678337	0.676292
0.671636	0.675964
0.673363	0.675067
0.677335	0.674043
0.676754	0.673657
0.668497	0.673358
0.670107	0.673158
0.673191	0.673635
0.674525	0.673865
0.677744	0.6745
0.677446	0.675584
0.672326	0.676374
0.672468	0.676637
0.678454	0.677159
0.672479	0.676544
0.678737	0.675808
0.676423	0.675966
0.675578	0.675744
0.672325	0.675668
0.682296	0.676587
0.675298	0.676908
0.675838	0.676937
0.680002	0.677649
0.676402	0.677113
0.676987	0.676609
0.674603	0.676436
0.679288	0.67618
0.673383	0.676566
0.673535	0.676175
0.670552	0.676278
0.682732	0.677038
0.680981	0.67748
0.675251	0.678614
0.676285	0.679044
0.676364	0.67841
0.680904	0.677647
0.676624	0.677886
0.679104	0.678419
0.679615	0.679423
0.681454	0.680971
0.677824	0.681486
0.678985	0.681729
0.679918	0.681923
0.679877	0.681008
0.676697	0.679839
0.677359	0.678046
0.675415	0.676479
0.673057	0.675437
0.680315	0.675121
0.676348	0.67584
0.674808	0.676177
0.683481	0.677216
0.679843	0.678054
0.676613	0.678377
0.672474	0.678188
0.674068	0.676435
0.673882	0.675215
0.677288	0.674244
0.674785	0.674789
0.677244	0.676161
0.676546	0.677114
0.68539	0.678728
0.678779	0.67924
0.677402	0.679553
0.684541	0.679218
0.67795	0.677877
0.679183	0.677345
0.678043	0.677415
0.676036	0.677143
0.682208	0.677237
0.676293	0.677091
0.677564	0.676638
0.678101	0.677134
0.677498	0.677719
0.66936	0.678023
0.679345	0.678375
0.680259	0.678928
0.676109	0.678921
0.681774	0.678708
0.676918	0.67844
0.681529	0.678124
0.681898	0.678303
0.67993	0.678342
0.680915	0.678688
0.688484	0.678606
0.677372	0.679567
0.679428	0.680702
0.674113	0.681151
0.672143	0.681469
0.677388	0.679874
0.676095	0.678971
0.682141	0.678515
0.676978	0.67849
0.677103	0.679099
0.680731	0.678493
0.677064	0.677978
0.674634	0.677252
0.677012	0.676301
0.673751	0.676069
0.674547	0.675935
0.668622	0.674955
0.674293	0.674308
0.681465	0.673995
0.672749	0.673566
0.675518	0.67461
0.676397	0.675047
0.682189	0.675424
0.68215	0.675995
0.676088	0.675788
0.683387	0.676734
0.671262	0.676658
0.672498	0.67646
0.677978	0.676674
0.683065	0.676928
0.677642	0.677615
0.677648	0.678579
0.681326	0.679595
0.683597	0.680293
0.681607	0.681015
0.677064	0.680577
0.673044	0.679544
0.679424	0.679104
0.676934	0.678557
0.673755	0.678451
0.677917	0.678708
0.68003	0.678113
0.672533	0.677637
0.676835	0.67717
0.677734	0.676599
0.675516	0.676782
0.676244	0.676862
0.682096	0.677173
0.673183	0.677562
0.667258	0.67621
0.677438	0.675134
0.675726	0.674964
0.680209	0.675274
0.674257	0.676173
0.679792	0.677208
0.677018	0.67776
0.675824	0.677192
0.676517	0.676882
0.680225	0.676903
0.68002	0.677131
0.674523	0.67829
0.680078	0.679617
0.678188	0.68001
0.684986	0.679859
0.679163	0.679496
0.679124	0.679248
0.676386	0.679011
0.680306	0.67947
0.677855	0.680076
0.6835	0.680369
0.681884	0.68111
0.680058	0.680723
0.674814	0.67989
0.675645	0.67911
0.679496	0.678434
0.675836	0.678045
0.676105	0.67777
0.676723	0.677674
0.678083	0.677281
0.676408	0.677381
0.6785	0.677093
0.677005	0.6771
0.672976	0.676526
0.669872	0.674788
0.674163	0.674559
0.672516	0.673903
0.668177	0.673798
0.675087	0.674196
0.669581	0.673819
0.678255	0.673518
0.673806	0.673472
0.676221	0.67419
0.676449	0.674577
0.674659	0.674985
0.670356	0.675254
0.678488	0.675324
0.676288	0.67604
0.677076	0.676663
0.677161	0.677726
0.672932	0.678014
0.672187	0.676679
0.674439	0.67621
0.673884	0.675321
0.675899	0.674806
0.678836	0.67608
0.675933	0.67657
0.670572	0.67641
0.676583	0.676573
0.679852	0.676137
0.676542	0.675866
0.67437	0.675966
0.670511	0.675386
0.676404	0.675778
0.677998	0.676183
0.677366	0.676863
0.67683	0.677928
0.676527	0.677433
0.671672	0.676353
0.675637	0.67513
0.675507	0.675048
0.674048	0.67504
0.67492	0.675344
0.677335	0.676383
0.679992	0.676557
0.675783	0.677455
0.678737	0.678911
0.678487	0.67962
0.680775	0.680304
0.683979	0.680962
0.688958	0.681688
0.678263	0.681541
0.683506	0.681528
0.683363	0.681146
0.680925	0.680364
0.682109	0.679923
0.678058	0.67936
0.682419	0.679045
0.682198	0.678512
0.676273	0.678339
0.680938	0.67874
0.681424	0.678445
0.683965	0.678529
0.682755	0.679679
0.685673	0.680537
0.685184	0.682255
0.68104	0.68274
0.680342	0.682494
0.68255	0.681888
0.68713	0.681697
0.677313	0.682235
0.681233	0.68296
0.683998	0.683286
0.684571	0.682381
0.681371	0.682219
0.680617	0.682492
0.689846	0.683061
0.67747	0.68336
0.686315	0.68299
0.680211	0.68228
0.679141	0.681093
0.681733	0.680653
0.680265	0.680386
0.678931	0.679277
0.678152	0.678865
0.679839	0.678758
0.681099	0.679355
0.688678	0.680985
0.685057	0.682656
0.68964	0.684331
0.682278	0.684884
0.685168	0.684539
0.683101	0.683907
0.676752	0.681974
0.672597	0.679553
0.681999	0.67754
0.675764	0.676247
0.677767	0.676286
0.674814	0.676892
0.677456	0.6775
0.672396	0.676575
0.671672	0.675126
0.669049	0.673692
0.666915	0.672581
0.668574	0.673189
0.67853	0.673916
0.677131	0.675519
0.678246	0.676966
0.674179	0.67711
0.679271	0.677561
0.673127	0.67802
0.68116	0.678515
0.679265	0.679348
0.685765	0.680168
0.682728	0.680577
0.675635	0.680559
0.678511	0.68027
0.67621	0.679472
0.67316	0.678234
0.677591	0.67744
0.684189	0.678274
0.678555	0.678903
0.683678	0.679964
0.681587	0.681022
0.678349	0.680684
0.681186	0.680022
0.678674	0.67948
0.676452	0.678366
0.676886	0.677671
0.677157	0.677343
0.671316	0.676436
0.674597	0.675553
0.674324	0.674667
0.673883	0.675268
0.671387	0.675813
0.682031	0.67687
0.67744	0.678215
0.680853	0.678482
0.674025	0.679264
0.676274	0.679483
0.676606	0.678907
0.682918	0.678894
0.680759	0.678856
0.682008	0.678948
0.687733	0.679855
0.68359	0.680285
0.677198	0.680395
0.680673	0.681089
0.674084	0.68063
0.683814	0.679982
0.676083	0.679719
0.679065	0.679314
0.681524	0.679798
0.683677	0.680727
0.684563	0.681701
0.686593	0.682278
0.681186	0.682577
0.677614	0.682307
0.677057	0.680793
0.678856	0.679343
0.67577	0.678019
0.672762	0.677249
0.68024	0.678235
0.683647	0.679358
0.688039	0.680831
0.684998	0.682016
0.674843	0.682208
0.680574	0.682059
0.684767	0.681118
0.684127	0.679895
0.679666	0.679704
0.679927	0.679123
0.68448	0.68
0.685964	0.681024
0.681364	0.681251
0.67545	0.68181
0.679032	0.681243
0.673003	0.680295
0.683878	0.679892
0.682446	0.680235
0.680725	0.680969
0.681412	0.682107
0.683318	0.682795
0.686841	0.683399
0.682531	0.683934
0.676773	0.68397
0.681005	0.683753
0.682582	0.683081
0.683043	0.682213
0.670698	0.681128
0.676832	0.680022
0.674119	0.679247
0.675817	0.677567
0.677919	0.67703
0.679356	0.677093
0.670547	0.67712
0.668604	0.677473
0.677463	0.677242
0.680393	0.676963
0.672065	0.676269
0.671817	0.675939
0.675018	0.675821
0.685367	0.676183
0.681403	0.677582
0.683668	0.678781
0.679489	0.680108
0.679951	0.680349
0.678299	0.679191
0.673914	0.678768
0.670832	0.677849
0.676589	0.677374
0.678765	0.677259
0.673631	0.677112
0.680333	0.677841
0.683973	0.678625
0.679248	0.679714
0.681526	0.681005
0.682808	0.681764
0.684316	0.682069
0.680192	0.681907
0.66996	0.681198
0.676542	0.680291
0.677449	0.679146
0.686889	0.679106
0.683239	0.679226
0.675353	0.679255
0.682158	0.680167
0.675387	0.679798
0.679858	0.679341
0.682392	0.679598
0.673038	0.678363
0.668571	0.677711
0.676672	0.676145
0.678487	0.673857
0.673024	0.674223
0.676501	0.675333
0.678747	0.677078
0.671589	0.678689
0.67178	0.67818
0.676624	0.676298
0.667987	0.675067
0.680265	0.675127
0.676345	0.675777
0.680233	0.676862
0.67107	0.677128
0.676577	0.67698
0.67491	0.675953
0.676461	0.675429
0.672156	0.674896
0.677213	0.674328
0.674376	0.67472
0.681536	0.674997
0.67532	0.675666
0.677253	0.67584
0.67989	0.67605
0.681041	0.676473
0.682381	0.676697
0.671564	0.676638
0.676479	0.676631
0.671733	0.6758
0.67231	0.675059
0.678667	0.675227
0.675891	0.675432
0.685127	0.676477
0.678715	0.678083
0.685439	0.679528
0.682795	0.680759
0.676387	0.681337
0.678723	0.681622
0.678336	0.680809
0.682569	0.680212
0.678388	0.679703
0.686933	0.679593
0.682055	0.680194
0.676392	0.680678
0.677725	0.68138
0.672105	0.681286
0.676039	0.681306
0.674032	0.680914
0.678181	0.67974
0.682119	0.678969
0.676856	0.678447
0.673276	0.678177
0.675505	0.678574
0.675085	0.678963
0.68241	0.67932
0.682977	0.679939
0.683523	0.680576
0.678637	0.680719
0.675708	0.679585
0.671941	0.67828
0.675502	0.677144
0.671521	0.676097
0.678669	0.675386
0.676093	0.67537
0.675204	0.675118
0.676777	0.676162
0.680843	0.677478
0.676387	0.678258
0.678581	0.679362
0.67672	0.678928
0.676785	0.67839
0.672239	0.676819
0.680313	0.676043
0.676205	0.675289
0.677961	0.675233
0.68043	0.676113
0.678389	0.675765
0.670636	0.675721
0.675771	0.675385
0.675641	0.674948
0.674951	0.674822
0.674754	0.674971
0.668686	0.674295
0.664791	0.673248
0.669346	0.67214
0.671924	0.670667
0.669304	0.669953
0.670182	0.670019
0.674134	0.670908
0.677246	0.671587
0.674391	0.67247
0.674601	0.673308
0.67779	0.673524
0.673001	0.673622
0.671368	0.67333
0.675355	0.672528
0.668453	0.671984
0.671485	0.671947
0.671715	0.672029
0.669948	0.672197
0.671333	0.671043
0.675266	0.670412
0.669333	0.670573
0.671251	0.670361
0.666612	0.670798
0.671464	0.670148
0.668161	0.668944
0.669955	0.668423
0.668971	0.6683
0.672524	0.668452
0.669616	0.668479
0.673022	0.668501
0.669896	0.668745
0.669887	0.668878
0.660076	0.668535
0.661168	0.667385
0.664953	0.666207
0.665211	0.66564
0.66654	0.665486
0.666469	0.665233
0.664433	0.665012
0.665934	0.664623
0.66521	0.664165
0.66378	0.664106
0.662702	0.663778
0.670561	0.663985
0.6705	0.665117
0.669057	0.666348
0.666878	0.667501
0.667595	0.667448
0.66513	0.667205
0.664698	0.666408
0.666748	0.665221
0.667481	0.664853
0.665717	0.664318
0.666238	0.664889
0.669242	0.665791
0.673927	0.666544
0.675565	0.667259
0.6669	0.667833
0.668712	0.667986
0.665911	0.66765
0.665719	0.667444
0.663984	0.666903
0.663592	0.666337
0.661635	0.66614
0.663135	0.665849
0.663004	0.665082
0.664382	0.664055
0.658738	0.663808
0.664705	0.663287
0.666897	0.663343
0.655489	0.663598
0.661379	0.663594
0.662246	0.662883
0.665217	0.662879
0.667441	0.663842
0.671282	0.664769
0.670977	0.666535
0.665811	0.667981
0.669406	0.668956
0.667822	0.669266
0.666042	0.669127
0.67011	0.668479
0.666432	0.667308
0.66752	0.667718
0.663584	0.667775
0.664748	0.667339
0.675364	0.667923
0.66981	0.667815
0.675779	0.668131
0.670443	0.668684
0.672408	0.669292
0.67246	0.669433
0.663175	0.669252
0.668643	0.669223
0.672752	0.668764
0.669835	0.668213
0.672055	0.668224
0.666527	0.668207
0.670346	0.668431
0.67706	0.669597
0.673812	0.670689
0.675643	0.671824
0.673655	0.672702
0.66937	0.672723
0.668338	0.672632
0.668212	0.672191
0.669863	0.670943
0.668016	0.670147
0.67629	0.669474
0.666291	0.668844
0.665226	0.668763
0.672486	0.668583
0.672977	0.668505
0.67378	0.669585
0.670125	0.670612
0.668072	0.671256
0.669089	0.671218
0.671659	0.671059
0.669962	0.670692
0.665951	0.670301
0.671375	0.670027
0.668233	0.669215
0.664183	0.668629
0.670654	0.668178
0.668416	0.668686
0.666431	0.66942
0.672702	0.670009
0.670527	0.67039
0.669489	0.670181
0.667158	0.669851
0.669952	0.669436
0.669418	0.66968
0.668855	0.669806
0.66708	0.66947
0.66533	0.669281
0.66648	0.668536
0.665214	0.66776
0.66689	0.667101
0.666764	0.665945
0.666692	0.665411
0.663017	0.665228
0.667886	0.665206
0.668296	0.665723
0.658272	0.665283
0.665385	0.664665
0.659817	0.663814
0.660476	0.662953
0.662953	0.662679
0.659979	0.661866
0.664274	0.661572
0.662574	0.662385
0.66203	0.662699
0.663835	0.663058
0.666604	0.663727
0.663878	0.66289
0.66288	0.662769
0.664513	0.663507
0.661283	0.664032
0.671136	0.665591
0.663506	0.666267
0.667168	0.666259
0.661455	0.66584
0.665464	0.66537
0.666815	0.665338
0.665608	0.665636
0.663321	0.665661
0.656837	0.665231
0.661888	0.664962
0.664711	0.664868
0.67027	0.665437
0.669609	0.666041
0.666449	0.665865
0.666545	0.665269
0.665722	0.664131
0.662874	0.662859
0.661279	0.662418
0.659937	0.661721
0.658806	0.660931
0.656578	0.659941
0.66116	0.658924
0.653795	0.658766
0.655739	0.658312
0.651255	0.657612
0.658589	0.656782
0.650411	0.655414
0.663411	0.655314
0.650892	0.655513
0.658826	0.655655
0.655963	0.6566
0.660216	0.656282
0.657021	0.65696
0.660861	0.65794
0.665281	0.657949
0.655913	0.658525
0.658174	0.658743
0.655365	0.658754
0.661361	0.659002
0.667108	0.660673
0.673792	0.663498
0.672883	0.666711
0.671602	0.669941
0.676014	0.672516
0.675092	0.674238
0.675938	0.674912
0.678912	0.675524
0.676276	0.675358
0.672044	0.674705
0.67621	0.674595
0.679047	0.673914
0.673018	0.673502
0.671039	0.67247
0.674	0.67124
0.669974	0.671641
0.671986	0.671711
0.67658	0.672046
0.666317	0.67243
0.670641	0.672161
0.676627	0.672104
0.668855	0.671964
0.670464	0.671887
0.670717	0.671487
0.674355	0.670889
0.673168	0.670711
0.670892	0.670719
0.6749	0.671229
0.680899	0.67232
0.679251	0.673883
0.673685	0.675048
0.676838	0.675465
0.674116	0.675927
0.673667	0.675729
0.679436	0.676451
0.685966	0.677803
0.678042	0.678574
0.673696	0.678868
0.677228	0.678359
0.677795	0.677353
0.677051	0.677027
0.675806	0.677179
0.680073	0.676395
0.672723	0.676663
0.683683	0.676528
0.68016	0.67672
0.676177	0.677864
0.673354	0.677952
0.672725	0.677113
0.671269	0.675677
0.671361	0.673834
0.670974	0.672596
0.67483	0.67227
0.677278	0.672029
0.675168	0.672675
0.674214	0.672828
0.675938	0.673315
0.678441	0.674218
0.66833	0.674582
0.66566	0.674137
0.676801	0.673452
0.672883	0.672963
0.677203	0.672844
0.678925	0.674324
0.679458	0.676081
0.678684	0.67721
0.682042	0.678605
0.68457	0.679461
0.680606	0.679398
0.682145	0.679833
0.678104	0.679597
0.667958	0.678607
0.673512	0.677243
0.673098	0.675567
0.675319	0.674701
0.67678	0.67406
0.667562	0.673338
0.670798	0.672234
0.672662	0.670867
0.672295	0.669631
0.671755	0.669737
0.667676	0.670607
0.673091	0.67185
0.678946	0.673492
0.676118	0.67457
0.678117	0.675657
0.67124	0.674971
0.673575	0.674795
0.678509	0.674431
0.674989	0.673538
0.677498	0.67427
0.675508	0.674146
0.670316	0.673735
0.669772	0.673313
0.673223	0.672937
0.678771	0.673224
0.673076	0.674265
0.672581	0.674803
0.679905	0.674758
0.674787	0.674994
0.683817	0.675172
0.682021	0.67661
0.676241	0.678138
0.678495	0.67829
0.680119	0.678585
0.677378	0.678173
0.674424	0.677384
0.675904	0.676865
0.670167	0.675686
0.673711	0.674764
0.679313	0.674535
0.674483	0.674586
0.671726	0.675032
0.682187	0.676024
0.670358	0.677368
0.681282	0.678264
0.682328	0.678933
0.672488	0.678987
0.680226	0.678226
0.672215	0.678075
0.674464	0.677553
0.679232	0.677713
0.682358	0.678383
0.682985	0.679517
0.678265	0.680598
0.678196	0.680748
0.680991	0.680503
0.672186	0.678425
0.670225	0.676964
0.678145	0.676567
0.682276	0.676596
0.682683	0.678578
0.679316	0.680105
0.672134	0.68033
0.678664	0.680463
0.679526	0.680435
0.681554	0.680419
0.677921	0.680852
0.675685	0.680109
0.681417	0.678838
0.673715	0.677937
0.678929	0.677313
0.677954	0.677881
0.674988	0.678246
0.676379	0.678289
0.676808	0.678175
0.676459	0.678017
0.668581	0.677648
0.670262	0.67675
0.680945	0.67638
0.672958	0.675963
0.680746	0.675707
0.672376	0.676244
0.676252	0.676249
0.680233	0.676586
0.68052	0.677152
0.673068	0.678093
0.684188	0.678897
0.681049	0.679259
0.668631	0.679207
0.683115	0.678326
0.680118	0.678319
0.680359	0.678627
0.682205	0.678632
0.678681	0.679829
0.677953	0.680635
0.683684	0.680769
0.683141	0.681571
0.680703	0.681479
0.681687	0.680971
0.676296	0.680921
0.682102	0.681379
0.682223	0.682049
0.681026	0.681928
0.680511	0.681604
0.679686	0.680668
0.679702	0.679707
0.677105	0.679189
0.679259	0.678494
0.679754	0.678269
0.679072	0.67824
0.681675	0.678585
0.682474	0.679096
0.675858	0.67914
0.676962	0.678916
0.680546	0.679273
0.684654	0.67973
0.684992	0.680708
0.684377	0.682184
0.687781	0.682778
0.68647	0.683289
0.678581	0.682811
0.683488	0.682081
0.680819	0.681389
0.677038	0.679849
0.676841	0.679007
0.675574	0.677913
0.681605	0.677263
0.67889	0.676983
0.673766	0.676617
0.680294	0.676801
0.685472	0.676772
0.683057	0.67805
0.683326	0.679379
0.679104	0.680284
0.683898	0.681495
0.674214	0.681218
0.676822	0.681233
0.677046	0.681085
0.678614	0.680901
0.683005	0.681296
0.686346	0.68168
0.680068	0.6821
0.684728	0.682751
0.683623	0.683038
0.693582	0.683492
0.684947	0.684288
0.689356	0.684776
0.689333	0.685511
0.685279	0.685873
0.689493	0.685926
0.685334	0.685662
0.680538	0.684889
0.68437	0.684838
0.682705	0.684679
0.685865	0.684454
0.680014	0.684944
0.688554	0.685056
0.687452	0.685472
0.688849	0.685845
0.679823	0.686098
0.690043	0.685996
0.686644	0.686091
0.684072	0.686109
0.690739	0.685742
0.690576	0.68555
0.684716	0.684862
0.684898	0.684734
0.689017	0.685154
0.687923	0.685317
0.687069	0.685325
0.687765	0.685477
0.687755	0.685291
0.687274	0.684938
0.690474	0.685017
0.679281	0.684686
0.684054	0.684288
0.677772	0.683788
0.682712	0.683566
0.687351	0.683005
0.678457	0.683026
0.680372	0.683404
0.686027	0.682996
0.685178	0.68291
0.682202	0.682559
0.684021	0.682227
0.678152	0.682144
0.68056	0.681575
0.680876	0.681525
0.684158	0.682022
0.679843	0.68225
0.680498	0.682262
0.682302	0.680562
0.673199	0.678117
0.676704	0.676759
0.677194	0.676553
0.673177	0.677055
0.6841	0.677976
0.681593	0.679089
0.684734	0.679076
0.686829	0.680121
0.680428	0.680581
0.682228	0.680269
0.683165	0.681157
0.680474	0.681427
0.677083	0.681435
0.685344	0.682233
0.683562	0.68264
0.681885	0.683154
0.688845	0.684164
0.684308	0.684122
0.68589	0.684185
0.683174	0.68377
0.677241	0.683225
0.684013	0.683078
0.684244	0.682961
0.686046	0.683136
0.686485	0.68385
0.684993	0.6839
0.680159	0.683709
0.682604	0.683653
0.684214	0.683371
0.685847	0.683377
0.679192	0.683194
0.682823	0.683273
0.687138	0.683323
0.686423	0.684094
0.689836	0.684976
0.68128	0.684665
0.678256	0.684011
0.677634	0.682129
0.676996	0.680417
0.681551	0.680132
0.685373	0.680579
0.680105	0.68132
0.685241	0.682427
0.682777	0.682786
0.673654	0.682664
0.681127	0.682169
0.68042	0.681236
0.683856	0.68101
0.676662	0.680601
0.684281	0.681141
0.684991	0.682295
0.684232	0.682832
0.688413	0.683158
0.684911	0.683226
0.680503	0.683009
0.680665	0.6826
0.67975	0.681914
0.682297	0.682368
0.683896	0.682634
0.679973	0.682695
0.68171	0.683087
0.682442	0.682623
0.680682	0.681674
0.680016	0.680905
0.679767	0.680504
0.676549	0.680192
0.688257	0.680447
0.681096	0.680701
0.679487	0.680756
0.680983	0.680762
0.679227	0.680268
0.685764	0.680598
0.672942	0.680455
0.676344	0.679958
0.674049	0.679258
0.674492	0.677602
0.67513	0.676533
0.67422	0.675189
0.67694	0.674212
0.675884	0.674282
0.678363	0.67459
0.675711	0.675408
0.678757	0.677013
0.684215	0.677694
0.678776	0.678457
0.673913	0.67934
0.678624	0.679254
0.682693	0.67963
0.681554	0.679664
0.681771	0.679315
0.684144	0.679454
0.680427	0.679748
0.682408	0.679894
0.672746	0.680039
0.679594	0.679419
0.67361	0.677255
0.668541	0.675629
0.674225	0.674414
0.677479	0.674064
0.67833	0.675352
0.678156	0.676344
0.67504	0.67665
0.674247	0.67641
0.67225	0.675494
0.678299	0.675205
0.67885	0.675157
0.67269	0.674849
0.671828	0.67404
0.671518	0.672905
0.673123	0.672618
0.67737	0.673672
0.672424	0.674804
0.681246	0.676249
0.673951	0.677049
0.670814	0.676368
0.680004	0.676524
0.674702	0.675803
0.678747	0.675391
0.672435	0.675383
0.667233	0.673918
0.674487	0.673583
0.679232	0.672994
0.680003	0.673742
0.678824	0.675977
0.675896	0.676877
0.679964	0.677792
0.680927	0.678015
0.68276	0.678323
0.683372	0.679804
0.682109	0.680681
0.685654	0.681207
0.677058	0.681758
0.681269	0.681251
0.682741	0.681136
0.678862	0.681533
0.682823	0.680799
0.681695	0.680836
0.674691	0.681174
0.678355	0.680625
0.682169	0.681063
0.680376	0.681224
0.68002	0.680924
0.683921	0.680918
0.681375	0.681165
0.678584	0.680498
0.678013	0.679799
0.677592	0.678973
0.67675	0.677618
0.680339	0.677818
0.677666	0.678389
0.681092	0.679705
0.680868	0.680876
0.681549	0.680772
0.676814	0.680268
0.682102	0.679618
0.683216	0.679629
0.67988	0.680234
0.685699	0.681193
0.684719	0.681423
0.682711	0.680983
0.681784	0.680294
0.666894	0.678692
0.682422	0.677279
0.678117	0.676757
0.68241	0.676042
0.685382	0.676178
0.676546	0.676704
0.678198	0.677125
0.685691	0.678169
0.682213	0.679898
0.68176	0.681007
0.683694	0.681272
0.683293	0.681488
0.689596	0.681811
0.678805	0.682214
0.689412	0.682632
0.686353	0.683422
0.687925	0.683717
0.685057	0.684244
0.686684	0.685389
0.684619	0.685872
0.685592	0.68553
0.683831	0.684954
0.68403	0.68434
0.68533	0.683704
0.686769	0.683922
0.684819	0.684959
0.693455	0.685774
0.683657	0.68679
0.683659	0.687455
0.6838	0.68684
0.68249	0.685869
0.681372	0.684486
0.683744	0.68261
0.685636	0.682226
0.674087	0.682399
0.679286	0.682445
0.679734	0.68322
0.683356	0.683085
0.680148	0.682792
0.686086	0.683177
0.687512	0.68422
0.686336	0.685477
0.689684	0.686618
0.688365	0.687497
0.68631	0.68733
0.676188	0.685959
0.686607	0.684833
0.681862	0.68362
0.685832	0.682635
0.68536	0.683504
0.683111	0.683796
0.677031	0.683558
0.688318	0.683695
0.679452	0.682942
0.686087	0.682404
0.679841	0.682678
0.686104	0.682523
0.677101	0.682392
0.683609	0.683021
0.682046	0.683048
0.683547	0.683759
0.684009	0.684525
0.685392	0.68438
0.681273	0.685109
0.689951	0.684864
0.679838	0.684664
0.684024	0.684894
0.677198	0.684167
0.674982	0.683021
0.682194	0.681996
0.681756	0.681185
0.684755	0.680809
0.680357	0.68101
0.684253	0.681196
0.682245	0.681524
0.681783	0.681174
0.682609	0.682264
0.681569	0.682858
0.678192	0.682422
0.674009	0.682337
0.680175	0.680665
0.676391	0.679917
0.683462	0.680018
0.68285	0.679966
0.678453	0.680183
0.677622	0.679853
0.6794	0.679399
0.679751	0.679306
0.681968	0.678822
0.682097	0
0.675645	0.672608
0.683217	0.674975
0.679472	0.675792
0.680569	0.676518
0.673218	0.677966
0.677321	0.678013
0.677787	0.677869
0.674775	0.677722
0.678145	0.677535
0.681377	0.67733
0.677452	0.677672
0.672811	0.677177
0.677918	0.676904
0.67743	0.676416
0.673896	0.675386
0.673001	0.674963
0.67571	0.674218
0.675907	0.674191
0.676465	0.674404
0.678794	0.674718
0.674055	0.675164
0.678086	0.675106
0.672951	0.675061
0.670167	0.674963
0.670905	0.674823
0.67009	0.67467
0.674018	0.674753
0.683835	0.674832
0.674749	0.674693
0.676462	0.674417
0.67219	0.674133
0.67171	0.673707
0.671714	0.673481
0.675486	0.673389
0.673139	0.673133
0.676071	0.673353
0.669181	0.673522
0.678103	0.674287
0.675632	0.675073
0.66398	0.675181
0.670821	0.675517
0.670898	0.675213
0.673635	0.674831
0.671336	0.674753
0.673998	0.674486
0.673467	0.674143
0.671897	0.673744
0.671624	0.673513
0.674507	0.673403
0.673506	0.673456
0.67846	0.673574
0.673716	0.673428
0.673872	0.67363
0.671551	0.673783
0.672989	0.674129
0.673716	0.674025
0.680099	0.674322
0.675197	0.674528
0.672395	0.674314
0.67672	0.674792
0.677741	0.674272
0.675706	0.674162
0.673148	0.673904
0.674999	0.673794
0.675798	0.674137
0.675158	0.674401
0.678963	0.675154
0.679192	0.675649
0.674117	0.675877
0.674329	0.676159
0.678113	0.676161
0.679037	0.675968
0.676859	0.676032
0.674709	0.675946
0.683017	0.676189
0.675829	0.676607
0.676741	0.676555
0.676197	0.67674
0.679254	0.676941
0.672564	0.676909
0.677629	0.677265
0.683793	0.677561
0.679636	0.677128
0.677422	0.677338
0.678968	0.677782
0.678241	0.677827
0.67886	0.678105
0.677984	0.678085
0.681045	0.677793
0.683082	0.677998
0.684352	0.678753
0.681184	0.679282
0.677831	0.679495
0.678047	0.679355
0.67776	0.679211
0.680074	0.67926
0.680267	0.679655
0.67884	0.679898
0.677581	0.680018
0.673664	0.679838
0.683477	0.679586
0.679699	0.679333
0.678417	0.678977
0.675447	0.678126
0.677001	0.677313
0.682115	0.676918
0.67443	0.676682
0.683825	0.677051
0.678999	0.677663
0.678747	0.677907
0.676674	0.677657
0.672955	0.677571
0.678952	0.677278
0.675488	0.677179
0.675859	0.677162
0.674389	0.676953
0.67468	0.677228
0.673898	0.677042
0.673675	0.677213
0.676588	0.677648
0.678944	0.677504
0.679843	0.677765
0.66987	0.677636
0.682813	0.677162
0.675265	0.67679
0.677903	0.676729
0.676283	0.676561
0.673657	0.676676
0.67822	0.676814
0.676525	0.676472
0.674823	0.676641
0.677509	0.676656
0.675081	0.676552
0.676617	0.677366
0.68366	0.678413
0.679741	0.679323
0.680583	0.680308
0.679517	0.68052
0.673081	0.679845
0.680564	0.67965
0.6808	0.679614
0.68071	0.679662
0.680522	0.679963
0.676872	0.679991
0.677359	0.680255
0.679301	0.680448
0.681295	0.680642
0.683766	0.680829
0.682475	0.680408
0.682855	0.680171
0.679695	0.680175
0.677352	0.679955
0.678666	0.680164
0.676812	0.680331
0.678066	0.680641
0.680252	0.681254
0.682595	0.681439
0.681864	0.681664
0.683517	0.681946
0.683384	0.68219
0.680688	0.682755
0.68437	0.683196
0.686135	0.683587
0.681509	0.684084
0.687268	0.684034
0.682607	0.684074
0.687367	0.68411
0.687685	0.684053
0.683243	0.684488
0.685605	0.684873
0.686289	0.685242
0.68213	0.685798
0.683885	0.685932
0.689201	0.686175
0.684276	0.686093
0.684774	0.685785
0.684876	0.685707
0.687697	0.685599
0.683478	0.68529
0.687329	0.685145
0.688859	0.685055
0.682456	0.685019
0.683599	0.685107
0.680845	0.684947
0.684425	0.684861
0.684543	0.684366
0.681201	0.684265
0.682748	0.68411
0.686945	0.683944
0.684036	0.68405
0.680727	0.683762
0.688384	0.683807
0.687197	0.683716
0.681843	0.683627
0.685595	0.683894
0.687241	0.683417
0.684232	0.683028
0.683308	0.683066
0.685515	0.683333
0.682923	0.684062
0.685442	0.684266
0.681852	0.684
0.682239	0.683696
0.68731	0.682957
0.681638	0.682791
0.683584	0.682925
0.681384	0.682562
0.680327	0.682394
0.685953	0.682309
0.6853	0.68185
0.685876	0.681958
0.680549	0.682103
0.681599	0.681963
0.683341	0.682233
0.681229	0.682079
0.683048	0.682099
0.682804	0.682428
0.681163	0.682117
0.679526	0.681864
0.681217	0.681465
0.686454	0.68122
0.681636	0.68136
0.678925	0.681267
0.684615	0.681547
0.685594	0.681582
0.683721	0.681862
0.683805	0.682116
0.680928	0.682567
0.680508	0.682679
0.682951	0.682836
0.682018	0.682903
0.68858	0.682463
0.678844	0.682353
0.684763	0.68193
0.682422	0.682014
0.687987	0.682482
0.681677	0.682874
0.681782	0.68333
0.683984	0.683842
0.679887	0.683585
0.682213	0.683425
0.68305	0.683281
0.682978	0.682786
0.680315	0.6829
0.683625	0.683101
0.685841	0.683356
0.686389	0.684142
0.688696	0.684729
0.686853	0.684922
0.678116	0.684785
0.686618	0.684715
0.683346	0.684585
0.685611	0.684817
0.682869	0.685235
0.682165	0.685312
0.686933	0.685393
0.686772	0.685534
0.684559	0.685489
0.681404	0.685063
0.685426	0.684775
0.68096	0.684183
0.684878	0.683944
0.687832	0.683793
0.682177	0.6839
0.679105	0.683919
0.684183	0.683443
0.679347	0.683178
0.680923	0.682544
0.684041	0.682763
0.687637	0.683249
0.682017	0.68335
0.679178	0.68349
0.682685	0.683005
0.683505	0.6824
0.678398	0.682493
0.684272	0.682721
0.683792	0.683147
0.682368	0.683786
0.683694	0.684161
0.680803	0.684222
0.681257	0.684182
0.68373	0.683949
0.681006	0.683681
0.68136	0.68338
0.682227	0.682939
0.68748	0.682752
0.677813	0.682511
0.686183	0.682955
0.678809	0.683139
0.686374	0.683251
0.683446	0.683375
0.683721	0.683039
0.68475	0.683192
0.687636	0.683197
0.684124	0.682921
0.686379	0.682878
0.683344	0.682886
0.687133	0.683193
0.684434	0.683999
0.681199	0.684173
0.689821	0.68407
0.682276	0.683943
0.684908	0.683707
0.684933	0.683963
0.687618	0.683909
0.68228	0.683407
0.680274	0.683305
0.682278	0.682969
0.687714	0.682838
0.683865	0.68331
0.680139	0.683559
0.678849	0.683504
0.684861	0.683992
0.680476	0.684112
0.682483	0.683663
0.684997	0.683761
0.683993	0.683626
0.686195	0.683537
0.682859	0.683727
0.685509	0.683479
0.675762	0.68341
0.688689	0.683427
0.68239	0.683328
0.683076	0.68341
0.678565	0.682852
0.683316	0.682464
0.686285	0.682366
0.686465	0.683021
0.679604	0.683758
0.683092	0.68404
0.685649	0.684255
0.684663	0.683951
0.680262	0.684079
0.685684	0.684717
0.686479	0.685143
0.685807	0.685423
0.686777	0.685655
0.686003	0.685618
0.688721	0.685805
0.685926	0.68589
0.683653	0.686066
0.682912	0.686055
0.689478	0.686107
0.685932	0.68629
0.687285	0.686315
0.689185	0.686388
0.68336	0.686353
0.687574	0.68621
0.690271	0.685957
0.6882	0.685848
0.688786	0.685656
0.682927	0.685329
0.686204	0.685178
0.682808	0.684903
0.681931	0.684595
0.683766	0.684605
0.684236	0.684466
0.684772	0.684398
0.684189	0.68426
0.688745	0.683753
0.682341	0.683698
0.684054	0.68372
0.686916	0.683783
0.682313	0.68431
0.686944	0.684404
0.689828	0.684363
0.681924	0.684681
0.687648	0.684866
0.681834	0.685167
0.691336	0.68564
0.687819	0.685747
0.686785	0.685908
0.68545	0.685922
0.689304	0.685848
0.683816	0.685964
0.686609	0.685807
0.689102	0.686067
0.686258	0.68615
0.685359	0.68627
0.683613	0.686688
0.678854	0.686454
0.686243	0.686677
0.692567	0.686894
0.687763	0.686811
0.687931	0.68695
0.690243	0.686882
0.68943	0.686949
0.689839	0.68698
0.688246	0.687273
0.696647	0.687198
0.685022	0.687015
0.690026	0.687198
0.686637	0.687099
0.685174	0.687212
0.688909	0.687449
0.69118	0.687568
0.68558	0.687634
0.688159	0.687592
0.684359	0.687483
0.684946	0.687382
0.68862	0.687676
0.688607	0.687977
0.686564	0.688035
0.690082	0.68802
0.691352	0.687827
0.685045	0.68766
0.6868	0.687445
0.688438	0.687117
0.689781	0.68667
0.684723	0.686541
0.689332	0.686231
0.683081	0.686468
0.686323	0.68704
0.690505	0.687461
0.688268	0.688437
0.687393	0.688855
0.693375	0.689096
0.689415	0.689103
0.689399	0.689004
0.684901	0.688964
0.688937	0.688538
0.687156	0.688224
0.687697	0.687891
0.686132	0.687522
0.6889	0.687585
0.681517	0.688048
0.689572	0.687932
0.689833	0.688162
0.691203	0.688376
0.686527	0.688309
0.685424	0.6886
0.686624	0.688716
0.691904	0.6889
0.686515	0.68894
0.683628	0.68893
0.689494	0.689001
0.688527	0.689012
0.691219	0.688805
0.685042	0.688822
0.690225	0.688827
0.692116	0.688688
0.685742	0.688587
0.682978	0.688418
0.689529	0.688256
0.688494	0.688069
0.690979	0.688191
0.692495	0.688215
0.691333	0.68821
0.689369	0.688226
0.692782	0.688278
0.690143	0.68827
0.688928	0.6883
0.684729	0.688211
0.690476	0.688041
0.688056	0.687686
0.685565	0.687604
0.685537	0.687689
0.688788	0.687694
0.690092	0.688194
0.689468	0.688139
0.689955	0.688333
0.6843	0.688299
0.687018	0.688068
0.685378	0.687942
0.687325	0.687379
0.684616	0.687258
0.689607	0.687288
0.6844	0.687341
0.690476	0.687568
0.687723	0.687737
0.683697	0.687846
0.684575	0.688218
0.682719	0.688287
0.689314	0.68813
0.685149	0.687898
0.694709	0.687775
0.694199	0.687705
0.687757	0.687699
0.689725	0.687439
0.688625	0.686928
0.688193	0.686582
0.681143	0.68655
0.684843	0.686864
0.691173	0.687095
0.687656	0.687724
0.68988	0.687964
0.686949	0.688084
0.685007	0.688057
0.689052	0.687609
0.686409	0.68707
0.687671	0.686818
0.686804	0.686888
0.686158	0.686717
0.688177	0.686755
0.689354	0.686602
0.69258	0.686609
0.685168	0.686943
0.684602	0.68729
0.688594	0.687664
0.690476	0.687573
0.690738	0.687599
0.689854	0.687615
0.690249	0.687697
0.686172	0.68791
0.68578	0.688129
0.684826	0.688184
0.6883	0.688013
0.685684	0.687841
0.688182	0.687311
0.685905	0.686896
0.685075	0.686888
0.68403	0.686779
0.687571	0.686863
0.687994	0.68717
0.688788	0.687212
0.685603	0.687385
0.690747	0.687422
0.687498	0.687398
0.687315	0.687336
0.685953	0.68718
0.685002	0.687276
0.686014	0.687151
0.687023	0.686935
0.68363	0.686771
0.685763	0.686593
0.686076	0.686672
0.690209	0.686896
0.684033	0.686883
0.688478	0.686935
0.687329	0.686608
0.685065	0.685866
0.681356	0.685523
0.690251	0.684873
0.681057	0.685044
0.681891	0.685254
0.680895	0.685754
0.679564	0.686201
0.686054	0.686049
0.683853	0.68601
0.686185	0.685588
0.68253	0.68515
0.682764	0.684947
0.686954	0.684847
0.687274	0.684955
0.683347	0.684999
0.68077	0.684833
0.679759	0.684824
0.68502	0.684673
0.685266	0.684438
0.68427	0.684439
0.684231	0.684273
0.681052	0.683415
0.681915	0.683008
0.683845	0.682583
0.683431	0.682068
0.679909	0.681921
0.681213	0.682069
0.690043	0.682394
0.687625	0.682791
0.684994	0.68324
0.684952	0.6836
0.67829	0.683891
0.67822	0.683969
0.678395	0.684393
0.68375	0.684455
0.683852	0.684108
0.683672	0.684195
0.687027	0.684279
0.681738	0.684269
0.680762	0.684096
0.683803	0.68425
0.681961	0.683789
0.681649	0.68373
0.689	0.683973
0.684367	0.6836
0.688694	0.68376
0.683294	0.683124
0.678216	0.683107
0.680237	0.683266
0.683517	0.683453
0.684847	0.684152
0.684104	0.683963
0.68421	0.683855
0.682205	0.683811
0.687403	0.684112
0.68727	0.684431
0.684056	0.684762
0.687305	0.684891
0.688065	0.684692
0.684032	0.684726
0.685533	0.684681
0.680789	0.684835
0.684726	0.684872
0.688258	0.684744
0.686807	0.685177
0.688913	0.685221
0.682517	0.685432
0.686839	0.68599
0.686926	0.685593
0.687061	0.685589
0.686528	0.685395
0.68769	0.685174
0.685704	0.685349
0.689156	0.685374
0.687051	0.685774
0.682185	0.685969
0.685237	0.685978
0.689657	0.685863
0.687118	0.68559
0.686315	0.685577
0.68755	0.685635
0.683222	0.685797
0.68525	0.685851
0.686363	0.686078
0.685722	0.686243
0.684297	0.686168
0.687652	0.686244
0.686002	0.685886
0.68554	0.685512
0.684395	0.685309
0.684758	0.685203
0.681669	0.684783
0.686465	0.684698
0.683294	0.684747
0.684765	0.684561
0.687809	0.684797
0.687563	0.684735
0.679204	0.684547
0.68231	0.684553
0.688226	0.684362
0.686383	0.68426
0.682306	0.684604
0.684237	0.684663
0.688573	0.685043
0.68658	0.685158
0.686429	0.685069
0.682898	0.685256
0.686264	0.68524
0.686159	0.685859
0.69091	0.686015
0.687999	0.685901
0.679302	0.685837
0.687124	0.685581
0.686201	0.685424
0.685447	0.6851
0.682697	0.684914
0.681586	0.684641
0.689471	0.684469
0.685722	0.684418
0.683359	0.68427
0.683123	0.684313
0.685215	0.684455
0.684956	0.684822
0.684529	0.685175
0.681956	0.685262
0.677422	0.685206
0.682115	0.685373
0.688613	0.685152
0.685986	0.685149
0.683297	0.684992
0.68528	0.684948
0.680468	0.684984
0.686866	0.684863
0.680853	0.68542
0.688339	0.685284
0.683567	0.685351
0.685892	0.685677
0.684602	0.685382
0.687352	0.685364
0.686429	0.685206
0.682779	0.68504
0.680473	0.684889
0.681226	0.684659
0.686196	0.684636
0.689022	0.684588
0.676948	0.68456
0.68383	0.684979
0.682269	0.685251
0.687593	0.68518
0.686972	0.684987
0.684649	0.684695
0.687381	0.684525
0.685289	0.68412
0.685938	0.684326
0.688991	0.684089
0.690127	0.684019
0.682114	0.68419
0.684095	0.684279
0.68616	0.684649
0.682172	0.68458
0.677221	0.6846
0.681162	0.6844
0.686523	0.68412
0.686248	0.684236
0.687955	0.684404
0.685266	0.684651
0.683989	0.684628
0.683221	0.684692
0.684312	0.68466
0.687453	0.684548
0.687503	0.684793
0.682381	0.684524
0.68235	0.684431
0.677781	0.684476
0.683243	0.684583
0.689833	0.684834
0.684259	0.684987
0.688664	0.685135
0.681426	0.685
0.677983	0.685099
0.688379	0.685106
0.686062	0.685147
0.685865	0.685112
0.684942	0.685154
0.685471	0.684984
0.69208	0.684957
0.686903	0.68525
0.686976	0.685269
0.680272	0.685623
0.688401	0.685776
0.688181	0.685763
0.688423	0.68629
0.680864	0.686102
0.687305	0.686205
0.687196	0.686404
0.684738	0.686101
0.683268	0.686466
0.688947	0.686335
0.679204	0.686154
0.683851	0.686187
0.686898	0.686266
0.689352	0.686421
0.687817	0.686777
0.687567	0.6867
0.688773	0.686755
0.682573	0.68659
0.685732	0.686454
0.685123	0.68646
0.685902	0.685995
0.68584	0.685932
0.683705	0.686104
0.683714	0.686099
0.684238	0.686466
0.684886	0.686821
0.685848	0.686711
0.686962	0.686786
0.688526	0.686641
0.684402	0.686525
0.686239	0.686466
0.68347	0.686451
0.687394	0.686676
0.689443	0.68693
0.688255	0.687172
0.688105	0.687152
0.688947	0.686673
0.68334	0.68597
0.681002	0.684921
0.682891	0.684359
0.683794	0.683888
0.679901	0.683214
0.684762	0.683243
0.678397	0.683516
0.686708	0.683983
0.680047	0.684739
0.688911	0.684877
0.685883	0.684652
0.685975	0.684524
0.6792	0.684016
0.688369	0.68395
0.686296	0.68404
0.684113	0.684064
0.684625	0.68433
0.684192	0.684413
0.68148	0.684481
0.688442	0.684767
0.682515	0.684995
0.687224	0.685408
0.682856	0.685758
0.688037	0.685868
0.688536	0.685775
0.685482	0.685269
0.685233	0.684977
0.686489	0.684376
0.682901	0.684254
0.68226	0.684318
0.683221	0.684191
0.686842	0.684363
0.685713	0.684367
0.684861	0.684166
0.686482	0.684087
0.685706	0.68388
0.681292	0.683627
0.683185	0.683843
0.681621	0.683897
0.682496	0.683728
0.684504	0.683786
0.682389	0.683479
0.686651	0.682968
0.682114	0.683437
0.682338	0.683405
0.681189	0.683593
0.687899	0.68438
0.684197	0.684388
0.685389	0.684877
0.692517	0.685688
0.681869	0.685857
0.689361	0.686021
0.679955	0.685913
0.683554	0.685551
0.688882	0.685422
0.688518	0.685303
0.690152	0.685644
0.678096	0.685604
0.684313	0.685491
0.683109	0.685743
0.685601	0.685607
0.683441	0.685365
0.686672	0.685334
0.687875	0.685089
0.683699	0.684662
0.689607	0.684565
0.687054	0.684105
0.682331	0.68368
0.681826	0.683696
0.683688	0.683282
0.683658	0.683312
0.679308	0.683253
0.68399	0.683081
0.680816	0.683543
0.6799	0.68353
0.68741	0.683787
0.68414	0.683894
0.686317	0.684109
0.684696	0.684256
0.688271	0.684653
0.686382	0.684828
0.684141	0.685128
0.68512	0.685028
0.680523	0.684629
0.684826	0.684412
0.686292	0.683666
0.689178	0.683735
0.685128	0.683777
0.685265	0.684059
0.687081	0.684492
0.685924	0.684558
0.682009	0.6844
0.687637	0.684242
0.684256	0.683884
0.681117	0.683644
0.683154	0.683724
0.681911	0.683617
0.68486	0.683532
0.683679	0.683503
0.680277	0.683295
0.685089	0.683136
0.68607	0.683072
0.679557	0.682711
0.68498	0.682595
0.681774	0.682568
0.680247	0.682607
0.689215	0.68323
0.689833	0.683831
0.688358	0.684385
0.678515	0.684768
0.680752	0.684788
0.684366	0.684737
0.683641	0.684361
0.683457	0.684085
0.686071	0.683739
0.676817	0.683427
0.685334	0.683067
0.682068	0.682877
0.681451	0.682461
0.680628	0.682333
0.680012	0.682434
0.683229	0.682245
0.689093	0.683077
0.68163	0.683238
0.681285	0.683241
0.686267	0.68346
0.683889	0.683041
0.685114	0.683039
0.67993	0.683077
0.68781	0.683368
0.681616	0.683661
0.684474	0.683554
0.68244	0.683387
0.686156	0.68337
0.686501	0.68339
0.681889	0.683759
0.685204	0.684492
0.68668	0.684713
0.684083	0.684597
0.685077	0.684575
0.690531	0.684589
0.683463	0.684432
0.683117	0.684574
0.680068	0.684532
0.688268	0.684077
0.680514	0.683927
0.68606	0.683731
0.681762	0.683213
0.677483	0.682672
0.68129	0.682312
0.683252	0.681919
0.682131	0.68186
0.680184	0.682021
0.689095	0.682302
0.681944	0.682499
0.681449	0.682323
0.677318	0.681832
0.681257	0.68124
0.679936	0.680917
0.682051	0.680846
0.680989	0.681024
0.676942	0.68114
0.678248	0.680851
0.686595	0.680947
0.682543	0.681382
0.682281	0.681704
0.677724	0.682059
0.683495	0.681885
0.680788	0.681976
0.680746	0.681474
0.683825	0.681733
0.689578	0.682474
0.682374	0.682732
0.690862	0.683599
0.681671	0.683811
0.685574	0.683815
0.683662	0.683838
0.684398	0.684058
0.682053	0.684398
0.683234	0.684644
0.686086	0.685089
0.685954	0.684906
0.681533	0.684726
0.687596	0.684701
0.684794	0.684674
0.687235	0.684677
0.686905	0.684762
0.688569	0.685016
0.681816	0.684928
0.681776	0.68497
0.681198	0.684998
0.684145	0.684757
0.686995	0.684637
0.683622	0.684769
0.686314	0.684981
0.68433	0.685179
0.683955	0.684958
0.684232	0.684935
0.682426	0.684723
0.680028	0.684139
0.687985	0.684236
0.685827	0.684252
0.684907	0.684202
0.686285	0.684414
0.682662	0.684396
0.688288	0.68442
0.685643	0.684579
0.685228	0.684731
0.686808	0.684824
0.687856	0.684875
0.684158	0.684853
0.689633	0.685114
0.686859	0.685581
0.687255	0.68599
0.687713	0.686678
0.685997	0.686779
0.682889	0.686946
0.682894	0.686542
0.687239	0.686101
0.688173	0.686171
0.682779	0.685853
0.68739	0.686083
0.685352	0.68611
0.688777	0.685933
0.688228	0.685947
0.688917	0.686034
0.689145	0.685906
0.686926	0.685946
0.685944	0.685975
0.688085	0.685777
0.684316	0.685714
0.688749	0.685852
0.686811	0.685874
0.691693	0.68611
0.685836	0.686588
0.681433	0.686535
0.684473	0.686691
0.683142	0.686266
0.68309	0.685658
0.684088	0.685294
0.680758	0.685189
0.689345	0.68523
0.684889	0.685441
0.686691	0.68572
0.685434	0.685574
0.684622	0.685865
0.686991	0.686211
0.689395	0.686348
0.690787	0.68665
0.682306	0.686898
0.688406	0.687016
0.686923	0.687036
0.683868	0.687068
0.687954	0.686644
0.689043	0.686247
0.68102	0.685753
0.684611	0.685328
0.687738	0.685527
0.686066	0.685496
0.686667	0.685826
0.686978	0.686098
0.680977	0.686036
0.688812	0.686169
0.68427	0.686179
0.686858	0.686286
0.690734	0.686435
0.681238	0.686353
0.685457	0.686145
0.685966	0.685812
0.686229	0.685375
0.68798	0.685382
0.68813	0.685841
0.687061	0.686449
0.684249	0.686684
0.689119	0.686794
0.682389	0.686659
0.682068	0.686371
0.682007	0.686182
0.68227	0.68584
0.685904	0.685452
0.685229	0.685102
0.686168	0.685413
0.687213	0.685843
0.681632	0.685993
0.678171	0.685693
0.686234	0.684923
0.687437	0.684277
0.682733	0.683838
0.684798	0.683879
0.681079	0.684225
0.684543	0.684324
0.682989	0.684497
0.680936	0.684382
0.683244	0.684097
0.68295	0.683942
0.68438	0.684001
0.682634	0.684127
0.679395	0.68433
0.681879	0.684356
0.684748	0.684371
0.677695	0.684259
0.682272	0.683944
0.681775	0.683696
0.683323	0.683409
0.685678	0.683393
0.683558	0.683942
0.682195	0.68435
0.691726	0.684499
0.686182	0.684552
0.682598	0.68439
0.682492	0.684324
0.6869	0.684094
0.686331	0.684115
0.687011	0.683941
0.682539	0.684059
0.685975	0.684504
0.683939	0.684552
0.682349	0.684215
0.688292	0.683353
0.679228	0.682243
0.680544	0.681459
0.680913	0.681476
0.680598	0.68195
0.680198	0.682313
0.682147	0.682237
0.681346	0.682047
0.685803	0.681936
0.685487	0.682473
0.6834	0.683285
0.681016	0.68381
0.688791	0.684362
0.684673	0.684301
0.686538	0.684617
0.686581	0.68491
0.689065	0.685223
0.684875	0.685617
0.686097	0.685571
0.685504	0.685602
0.684311	0.685364
0.685315	0.685316
0.68615	0.685439
0.687661	0.685641
0.68329	0.685751
0.683942	0.685534
0.686008	0.685235
0.685309	0.684731
0.683783	0.684687
0.687292	0.68489
0.687092	0.685485
0.685381	0.686056
0.690538	0.686135
0.68696	0.686374
0.689064	0.686154
0.686718	0.686068
0.689575	0.686237
0.68776	0.686312
0.683626	0.686186
0.684197	0.686077
0.684439	0.685779
0.687657	0.68528
0.684063	0.685365
0.69122	0.685613
0.689651	0.685905
0.686284	0.686166
0.686709	0.686375
0.685461	0.686434
0.687724	0.68653
0.684822	0.68705
0.682833	0.686981
0.68298	0.686836
0.687129	0.686475
0.685982	0.686017
0.680842	0.685862
0.684035	0.685882
0.689647	0.686374
0.6866	0.686633
0.686798	0.686869
0.693373	0.686789
0.689425	0.686105
0.689051	0.685932
0.687085	0.685703
0.687952	0.685765
0.683784	0.686375
0.688128	0.686705
0.685895	0.686939
0.683306	0.686994
0.683087	0.686948
0.689614	0.686804
0.68361	0.686584
0.684812	0.686435
0.681067	0.685657
0.68041	0.68457
0.686469	0.684081
0.679409	0.683287
0.685363	0.683542
0.68487	0.684179
0.688777	0.684333
0.687635	0.684696
0.688258	0.684964
0.684952	0.685361
0.687383	0.686143
0.68597	0.686683
0.685117	0.686676
0.683614	0.686263
0.682595	0.685782
0.686277	0.685411
0.685533	0.685353
0.687083	0.685527
0.681842	0.685201
0.683943	0.685277
0.690177	0.685142
0.683544	0.685041
0.681866	0.685304
0.684447	0.685306
0.683137	0.685145
0.689467	0.684738
0.684671	0.684443
0.682696	0.684183
0.683123	0.684062
0.688331	0.684411
0.685546	0.68465
0.68224	0.684854
0.689911	0.684945
0.684156	0.684986
0.686935	0.685319
0.684118	0.685493
0.686511	0.685603
0.686064	0.685543
0.6859	0.685409
0.688821	0.685341
0.683656	0.68524
0.684611	0.685226
0.684986	0.684757
0.683269	0.684386
0.682566	0.684191
0.685103	0.683883
0.675614	0.683849
0.68151	0.683602
0.68184	0.683809
0.689763	0.684357
0.685595	0.684606
0.685119	0.684756
0.688239	0.68467
0.68409	0.684255
0.685542	0.68427
0.684273	0.68447
0.685571	0.684218
0.684986	0.68399
0.689574	0.683334
0.689217	0.682958
0.68032	0.682965
0.68632	0.682708
0.683078	0.68314
0.678016	0.683156
0.679975	0.683188
0.684666	0.683517
0.686657	0.683348
0.687637	0.683659
0.681886	0.683894
0.688824	0.684213
0.688398	0.684437
0.674296	0.684523
0.685758	0.684748
0.679942	0.684624
0.684216	0.684297
0.679524	0.683588
0.681085	0.682383
0.680787	0.681443
0.679951	0.680862
0.681898	0.679903
0.682064	0.680187
0.681429	0.680501
0.684905	0.680594
0.675793	0.681315
0.678728	0.680346
0.680571	0.679401
0.680527	0.678607
0.682182	0.678098
0.682754	0.678197
0.679301	0.678423
0.684063	0.679268
0.680598	0.679774
0.683197	0.680537
0.687192	0.681247
0.683241	0.681674
0.681049	0.682116
0.684516	0.682409
0.686786	0.682764
0.68103	0.682573
0.684303	0.682757
0.687099	0.68298
0.682502	0.682968
0.678603	0.683257
0.691117	0.683092
0.678743	0.68248
0.682553	0.682171
0.678573	0.681789
0.680145	0.68142
0.683558	0.681825
0.687214	0.682229
0.682302	0.68267
0.683639	0.683417
0.686481	0.683797
0.684105	0.683943
0.676819	0.683975
0.678726	0.683423
0.680391	0.683206
0.679441	0.682641
0.685297	0.682304
0.676748	0.682283
0.686212	0.68189
0.68042	0.682005
0.679863	0.681719
0.679912	0.681544
0.682481	0.681222
0.675762	0.680503
0.68014	0.680314
0.683801	0.680016
0.677902	0.679973
0.681426	0.680315
0.678242	0.680476
0.680995	0.680554
0.680469	0.681107
0.68041	0.681479
0.682827	0.681935
0.686318	0.682534
0.68325	0.682472
0.680149	0.682514
0.678519	0.682465
0.68359	0.682652
0.681443	0.682793
0.681143	0.682919
0.682859	0.683104
0.687545	0.683208
0.68633	0.683729
0.683895	0.683899
0.677438	0.683957
0.687503	0.684146
0.685374	0.683904
0.682652	0.683998
0.680408	0.684025
0.686581	0.684095
0.684136	0.68428
0.683808	0.684396
0.687477	0.684706
0.687209	0.684695
0.684208	0.684618
0.688136	0.684708
0.678399	0.684637
0.686268	0.684456
0.685643	0.684439
0.687736	0.684271
0.68064	0.683953
0.682335	0.683798
0.680639	0.683895
0.684257	0.683995
0.686549	0.684252
0.684075	0.684298
0.682753	0.683663
0.6816	0.682843
0.684696	0.68203
0.686465	0.681798
0.684885	0.682377
0.682151	0.682733
0.678022	0.68285
0.684104	0.682875
0.683311	0.682441
0.682815	0.682143
0.685654	0.682297
0.679151	0.682176
0.686023	0.682405
0.683701	0.683057
0.685417	0.683609
0.679144	0.68403
0.686101	0.684387
0.683093	0.684244
0.685397	0.683766
0.683828	0.68351
0.688244	0.683322
0.682955	0.683434
0.680768	0.683821
0.686046	0.683756
0.677726	0.68384
0.682054	0.683948
0.685772	0.68411
0.685842	0.684614
0.687756	0.684915
0.683062	0.685003
0.687561	0.685243
0.683624	0.684868
0.685372	0.684433
0.679886	0.684009
0.682806	0.683447
0.681345	0.6835
0.686419	0.683222
0.680973	0.683453
0.679456	0.683273
0.684645	0.683411
0.684949	0.684057
0.686474	0.683927
0.687942	0.684037
0.68503	0.684063
0.679017	0.683723
0.686225	0.683752
0.680798	0.683268
0.677871	0.682773
0.685309	0.682445
0.682292	0.682435
0.686669	0.682765
0.686051	0.68296
0.684089	0.683063
0.680965	0.68277
0.67758	0.682446
0.687253	0.682452
0.68577	0.682628
0.684898	0.682824
0.685718	0.683482
0.686992	0.683637
0.682574	0.683469
0.677612	0.683343
0.683002	0.682909
0.681199	0.682517
0.686111	0.682089
0.685562	0.682262
0.682339	0.682509
0.684672	0.683115
0.682281	0.683873
0.682569	0.684014
0.684444	0.684272
0.686545	0.683974
0.678975	0.683055
0.683496	0.682312
0.685479	0.681768
0.680319	0.681919
0.685341	0.682939
0.685035	0.683741
0.686555	0.684249
0.68591	0.684642
0.682603	0.684376
0.680762	0.684099
0.687961	0.684046
0.685876	0.683498
0.685791	0.68366
0.684227	0.683899
0.680301	0.68395
0.682784	0.684311
0.685653	0.684686
0.68762	0.6852
0.682018	0.685487
0.677049	0.685481
0.687865	0.68533
0.682798	0.685203
0.684288	0.685108
0.687238	0.685185
0.685955	0.685507
0.689265	0.685978
0.682055	0.686574
0.691076	0.687006
0.686832	0.687076
0.686318	0.686659
0.686617	0.68627
0.686148	0.68584
0.687236	0.685251
0.685181	0.685225
0.688023	0.685352
0.685929	0.685573
0.686585	0.68601
0.689601	0.686208
0.686084	0.685932
0.68177	0.685363
0.682817	0.68481
0.685936	0.684316
0.679566	0.684174
0.685696	0.684357
0.689468	0.684516
0.681763	0.684578
0.682487	0.684604
0.686243	0.684699
0.685045	0.684652
0.6841	0.684448
0.681439	0.684219
0.679952	0.6839
0.685478	0.683758
0.681131	0.683742
0.680934	0.683497